    2       1.511022887145e-10 
    3       1.415875161869e-10 
    4       1.324794663567e-10 
    5       1.253420083308e-10 
    6       1.200744490324e-10 
    7       1.163901257133e-10 
    8       1.139114137713e-10 
    9       1.123632316132e-10 
   10       1.115584181495e-10 
   11       1.113140823507e-10 
   12       1.114871579057e-10 
   13       1.120648560069e-10 
   14       1.128554022960e-10 
   15       1.138447943588e-10 
   16       1.150486683826e-10 
   17       1.163798060220e-10 
   18       1.178334068921e-10 
   19       1.194099557509e-10 
   20       1.210466582660e-10 
   21       1.227629799883e-10 
   22       1.245700574013e-10 
   23       1.264515152269e-10 
   24       1.283627560078e-10 
   25       1.303091109395e-10 
   26       1.322976508132e-10 
   27       1.343371338961e-10 
   28       1.364194153104e-10 
   29       1.385226838556e-10 
   30       1.406547182658e-10 
   31       1.428232462251e-10 
   32       1.450266113610e-10 
   33       1.472657236571e-10 
   34       1.495341236718e-10 
   35       1.518202630354e-10 
   36       1.541306517653e-10 
   37       1.564732286004e-10 
   38       1.588503803743e-10 
   39       1.612601115197e-10 
   40       1.637016512048e-10 
   41       1.661706438376e-10 
   42       1.686569596616e-10 
   43       1.711494064700e-10 
   44       1.736528751861e-10 
   45       1.761756474895e-10 
   46       1.787244275106e-10 
   47       1.813041442731e-10 
   48       1.839177472941e-10 
   49       1.865659862185e-10 
   50       1.892472296404e-10 
   51       1.919572734869e-10 
   52       1.946891431108e-10 
   53       1.974357281140e-10 
   54       2.001989377915e-10 
   55       2.029825550214e-10 
   56       2.057895322545e-10 
   57       2.086219123805e-10 
   58       2.114807495940e-10 
   59       2.143665964363e-10 
   60       2.172812767266e-10 
   61       2.202263852323e-10 
   62       2.232026989773e-10 
   63       2.262101173007e-10 
   64       2.292476019153e-10 
   65       2.323138975271e-10 
   66       2.354100057122e-10 
   67       2.385371293617e-10 
   68       2.416959009559e-10 
   69       2.448863444575e-10 
   70       2.481078372034e-10 
   71       2.513590717976e-10 
   72       2.546386903504e-10 
   73       2.579474128221e-10 
   74       2.612862502509e-10 
   75       2.646558462333e-10 
   76       2.680564541677e-10 
   77       2.714879144967e-10 
   78       2.749496319505e-10 
   79       2.784405527892e-10 
   80       2.819596733085e-10 
   81       2.855077171225e-10 
   82       2.890857089878e-10 
   83       2.926944566939e-10 
   84       2.963345381437e-10 
   85       3.000062884349e-10 
   86       3.037097869409e-10 
   87       3.074448443922e-10 
   88       3.112109899569e-10 
   89       3.150077114242e-10 
   90       3.188352470933e-10 
   91       3.226938948820e-10 
   92       3.265837612831e-10 
   93       3.305047522377e-10 
   94       3.344565640074e-10 
   95       3.384386740478e-10 
   96       3.424503318807e-10 
   97       3.464905499677e-10 
   98       3.505580945823e-10 
   99       3.546517883823e-10 
  100       3.587714867543e-10 
  101       3.629172234477e-10 
  102       3.670889059320e-10 
  103       3.712863100470e-10 
  104       3.755090746549e-10 
  105       3.797566962906e-10 
  106       3.840285238126e-10 
  107       3.883237530549e-10 
  108       3.926414214770e-10 
  109       3.969804028155e-10 
  110       4.013396058740e-10 
  111       4.057186112835e-10 
  112       4.101171066023e-10 
  113       4.145346861574e-10 
  114       4.189708477017e-10 
  115       4.234249890714e-10 
  116       4.278964048432e-10 
  117       4.323842829914e-10 
  118       4.368877015458e-10 
  119       4.414056252484e-10 
  120       4.459369022109e-10 
  121       4.504802605722e-10 
  122       4.550343051553e-10 
  123       4.595976846091e-10 
  124       4.641696216937e-10 
  125       4.687494378996e-10 
  126       4.733363864388e-10 
  127       4.779296502435e-10 
  128       4.825283399653e-10 
  129       4.871314919731e-10 
  130       4.917380663523e-10 
  131       4.963469449030e-10 
  132       5.009569291389e-10 
  133       5.055667382860e-10 
  134       5.101750072811e-10 
  135       5.147802847703e-10 
  136       5.193810311079e-10 
  137       5.239757569963e-10 
  138       5.285634598333e-10 
  139       5.331432289335e-10 
  140       5.377141078392e-10 
  141       5.422750932126e-10 
  142       5.468251337265e-10 
  143       5.513631289557e-10 
  144       5.558879282686e-10 
  145       5.603983297182e-10 
  146       5.648930789336e-10 
  147       5.693708680113e-10 
  148       5.738303344062e-10 
  149       5.782700598236e-10 
  150       5.826885691098e-10 
  151       5.870843291437e-10 
  152       5.914557477282e-10 
  153       5.958012903576e-10 
  154       6.001198450638e-10 
  155       6.044103895222e-10 
  156       6.086718757181e-10 
  157       6.129032294392e-10 
  158       6.171033497667e-10 
  159       6.212711085671e-10 
  160       6.254053499842e-10 
  161       6.295048899299e-10 
  162       6.335685155768e-10 
  163       6.375949848494e-10 
  164       6.415830259155e-10 
  165       6.455313366784e-10 
  166       6.494385842682e-10 
  167       6.533034045335e-10 
  168       6.571244015330e-10 
  169       6.609001470276e-10 
  170       6.646291799712e-10 
  171       6.683101019853e-10 
  172       6.719418737781e-10 
  173       6.755235425816e-10 
  174       6.790541482786e-10 
  175       6.825327232861e-10 
  176       6.859582924380e-10 
  177       6.893298728688e-10 
  178       6.926464738968e-10 
  179       6.959070969071e-10 
  180       6.991107352354e-10 
  181       7.022563740504e-10 
  182       7.053429902380e-10 
  183       7.083695522839e-10 
  184       7.113350201569e-10 
  185       7.142383451927e-10 
  186       7.170784699764e-10 
  187       7.198543282264e-10 
  188       7.225648446771e-10 
  189       7.252089349627e-10 
  190       7.277855055000e-10 
  191       7.302935262723e-10 
  192       7.327322555204e-10 
  193       7.351010317190e-10 
  194       7.373992023132e-10 
  195       7.396261238402e-10 
  196       7.417811620509e-10 
  197       7.438636920322e-10 
  198       7.458730983281e-10 
  199       7.478087750623e-10 
  200       7.496701260592e-10 
  201       7.514565649665e-10 
  202       7.531675153761e-10 
  203       7.548024109469e-10 
  204       7.563606955259e-10 
  205       7.578418232701e-10 
  206       7.592452587685e-10 
  207       7.605704771639e-10 
  208       7.618169642745e-10 
  209       7.629842167159e-10 
  210       7.640717420227e-10 
  211       7.650790587705e-10 
  212       7.660056966978e-10 
  213       7.668512367534e-10 
  214       7.676154339969e-10 
  215       7.682981032369e-10 
  216       7.688990800766e-10 
  217       7.694182211407e-10 
  218       7.698554043023e-10 
  219       7.702105289097e-10 
  220       7.704835160135e-10 
  221       7.706743085933e-10 
  222       7.707828717849e-10 
  223       7.708091931068e-10 
  224       7.707532826876e-10 
  225       7.706151734925e-10 
  226       7.703949215504e-10 
  227       7.700926061809e-10 
  228       7.697083302210e-10 
  229       7.692422202522e-10 
  230       7.686944268273e-10 
  231       7.680651246972e-10 
  232       7.673545130382e-10 
  233       7.665628156786e-10 
  234       7.656902813256e-10 
  235       7.647371837924e-10 
  236       7.637038222249e-10 
  237       7.625905213288e-10 
  238       7.613976322171e-10 
  239       7.601255345399e-10 
  240       7.587746349238e-10 
  241       7.573453665896e-10 
  242       7.558381895808e-10 
  243       7.542535909918e-10 
  244       7.525920851958e-10 
  245       7.508542140734e-10 
  246       7.490405472406e-10 
  247       7.471516822771e-10 
  248       7.451882449546e-10 
  249       7.431508894648e-10 
  250       7.410402986479e-10 
  251       7.388571842206e-10 
  252       7.366022870045e-10 
  253       7.342763771541e-10 
  254       7.318802543851e-10 
  255       7.294147482030e-10 
  256       7.268807181306e-10 
  257       7.242790539369e-10 
  258       7.216106758649e-10 
  259       7.188765348599e-10 
  260       7.160776127981e-10 
  261       7.132149227140e-10 
  262       7.102895090297e-10 
  263       7.073024477821e-10 
  264       7.042548468517e-10 
  265       7.011478461909e-10 
  266       6.979825669942e-10 
  267       6.947599556826e-10 
  268       6.914809318916e-10 
  269       6.881464389070e-10 
  270       6.847574438070e-10 
  271       6.813149376041e-10 
  272       6.778199353871e-10 
  273       6.742734764629e-10 
  274       6.706766244987e-10 
  275       6.670304676639e-10 
  276       6.633361187718e-10 
  277       6.595947154219e-10 
  278       6.558074201417e-10 
  279       6.519754205284e-10 
  280       6.480999293915e-10 
  281       6.441821848940e-10 
  282       6.402234506949e-10 
  283       6.362250160911e-10 
  284       6.321881961589e-10 
  285       6.281143318965e-10 
  286       6.240047903658e-10 
  287       6.198609648340e-10 
  288       6.156842749160e-10 
  289       6.114761667164e-10 
  290       6.072381129709e-10 
  291       6.029716131889e-10 
  292       5.986781937949e-10 
  293       5.943594082709e-10 
  294       5.900168372981e-10 
  295       5.856520888990e-10 
  296       5.812667985792e-10 
  297       5.768625332386e-10 
  298       5.724404974367e-10 
  299       5.680018130962e-10 
  300       5.635476144554e-10 
  301       5.590790480802e-10 
  302       5.545972728752e-10 
  303       5.501034600955e-10 
  304       5.455987933578e-10 
  305       5.410844686522e-10 
  306       5.365616943535e-10 
  307       5.320316912327e-10 
  308       5.274956924686e-10 
  309       5.229549436592e-10 
  310       5.184107028333e-10 
  311       5.138642404615e-10 
  312       5.093168394685e-10 
  313       5.047697952438e-10 
  314       5.002244156536e-10 
  315       4.956820210523e-10 
  316       4.911439442937e-10 
  317       4.866115307427e-10 
  318       4.820861382869e-10 
  319       4.775691373476e-10 
  320       4.730619108918e-10 
  321       4.685658544436e-10 
  322       4.640823760952e-10 
  323       4.596128965191e-10 
  324       4.551588489789e-10 
  325       4.507216793412e-10 
  326       4.463028460873e-10 
  327       4.419038203238e-10 
  328       4.375260857950e-10 
  329       4.331711388940e-10 
  330       4.288404886742e-10 
  331       4.245356568605e-10 
  332       4.202580641694e-10 
  333       4.160086837640e-10 
  334       4.117883726985e-10 
  335       4.075979841345e-10 
  336       4.034383672293e-10 
  337       3.993103670238e-10 
  338       3.952148243308e-10 
  339       3.911525756227e-10 
  340       3.871244529200e-10 
  341       3.831312836791e-10 
  342       3.791738906804e-10 
  343       3.752530919166e-10 
  344       3.713697004805e-10 
  345       3.675245244531e-10 
  346       3.637183667919e-10 
  347       3.599520252190e-10 
  348       3.562262921086e-10 
  349       3.525419543758e-10 
  350       3.488997933643e-10 
  351       3.453005847346e-10 
  352       3.417450983520e-10 
  353       3.382340981745e-10 
  354       3.347683421415e-10 
  355       3.313485820612e-10 
  356       3.279755634988e-10 
  357       3.246500256649e-10 
  358       3.213727013035e-10 
  359       3.181443165797e-10 
  360       3.149655909682e-10 
  361       3.118372371411e-10 
  362       3.087599608564e-10 
  363       3.057344608453e-10 
  364       3.027614287011e-10 
  365       2.998415487669e-10 
  366       2.969754980235e-10 
  367       2.941639459779e-10 
  368       2.914075545510e-10 
  369       2.887069779659e-10 
  370       2.860628626360e-10 
  371       2.834757811014e-10 
  372       2.809460312184e-10 
  373       2.784738288989e-10 
  374       2.760593731843e-10 
  375       2.737028460760e-10 
  376       2.714044123664e-10 
  377       2.691642194693e-10 
  378       2.669823972512e-10 
  379       2.648590578616e-10 
  380       2.627942955637e-10 
  381       2.607881865653e-10 
  382       2.588407888495e-10 
  383       2.569521420056e-10 
  384       2.551222670594e-10 
  385       2.533511663044e-10 
  386       2.516388231321e-10 
  387       2.499852018632e-10 
  388       2.483902475780e-10 
  389       2.468538859472e-10 
  390       2.453760230626e-10 
  391       2.439565452680e-10 
  392       2.425953189897e-10 
  393       2.412921905676e-10 
  394       2.400469860853e-10 
  395       2.388595112016e-10 
  396       2.377295509807e-10 
  397       2.366568697229e-10 
  398       2.356412107958e-10 
  399       2.346822964647e-10 
  400       2.337798277233e-10 
  401       2.329334841244e-10 
  402       2.321429236111e-10 
  403       2.314077823468e-10 
  404       2.307276745466e-10 
  405       2.301021923075e-10 
  406       2.295309054397e-10 
  407       2.290133612967e-10 
  408       2.285490846065e-10 
  409       2.281375773022e-10 
  410       2.277783467807e-10 
  411       2.274709921277e-10 
  412       2.272151206143e-10 
  413       2.270103193959e-10 
  414       2.268561553635e-10 
  415       2.267521749948e-10 
  416       2.266979042047e-10 
  417       2.266928481966e-10 
  418       2.267364913132e-10 
  419       2.268282968880e-10 
  420       2.269677070953e-10 
  421       2.271541428022e-10 
  422       2.273870034188e-10 
  423       2.276656667498e-10 
  424       2.279894888449e-10 
  425       2.283578038502e-10 
  426       2.287699238590e-10 
  427       2.292251387628e-10 
  428       2.297227161023e-10 
  429       2.302619009183e-10 
  430       2.308419156028e-10 
  431       2.314619597499e-10 
  432       2.321212100068e-10 
  433       2.328188199247e-10 
  434       2.335539198100e-10 
  435       2.343256165750e-10 
  436       2.351329935890e-10 
  437       2.359751105292e-10 
  438       2.368510032320e-10 
  439       2.377596835435e-10 
  440       2.387001391709e-10 
  441       2.396713335330e-10 
  442       2.406722056118e-10 
  443       2.417016698029e-10 
  444       2.427586157668e-10 
  445       2.438419082798e-10 
  446       2.449503870850e-10 
  447       2.460828667431e-10 
  448       2.472381364838e-10 
  449       2.484150683462e-10 
  450       2.496129457594e-10 
  451       2.508311453047e-10 
  452       2.520690293032e-10 
  453       2.533259457302e-10 
  454       2.546012281311e-10 
  455       2.558941955366e-10 
  456       2.572041523777e-10 
  457       2.585303884015e-10 
  458       2.598721785858e-10 
  459       2.612287830551e-10 
  460       2.625994469953e-10 
  461       2.639834005696e-10 
  462       2.653798588331e-10 
  463       2.667880216487e-10 
  464       2.682070736021e-10 
  465       2.696361839170e-10 
  466       2.710745063705e-10 
  467       2.725211792087e-10 
  468       2.739753250615e-10 
  469       2.754360508581e-10 
  470       2.769024477423e-10 
  471       2.783735909877e-10 
  472       2.798485399133e-10 
  473       2.813263377985e-10 
  474       2.828060117982e-10 
  475       2.842865728586e-10 
  476       2.857670156323e-10 
  477       2.872463183933e-10 
  478       2.887234429527e-10 
  479       2.901973345738e-10 
  480       2.916669218872e-10 
  481       2.931311168067e-10 
  482       2.945888144437e-10 
  483       2.960388930235e-10 
  484       2.974802137997e-10 
  485       2.989116209700e-10 
  486       3.003319415914e-10 
  487       3.017399854953e-10 
  488       3.031346827525e-10 
  489       3.045155007457e-10 
  490       3.058820393607e-10 
  491       3.072338945451e-10 
  492       3.085706582930e-10 
  493       3.098919186294e-10 
  494       3.111972595949e-10 
  495       3.124862612296e-10 
  496       3.137584995582e-10 
  497       3.150135465739e-10 
  498       3.162509702234e-10 
  499       3.174703343908e-10 
  500       3.186711988825e-10 
  501       3.198531194114e-10 
  502       3.210156475818e-10 
  503       3.221583308730e-10 
  504       3.232807126246e-10 
  505       3.243823320208e-10 
  506       3.254627240743e-10 
  507       3.265214196114e-10 
  508       3.275579452564e-10 
  509       3.285718234154e-10 
  510       3.295625722618e-10 
  511       3.305297057199e-10 
  512       3.314727334497e-10 
  513       3.323911608314e-10 
  514       3.332844889497e-10 
  515       3.341522145786e-10 
  516       3.349938301652e-10 
  517       3.358088238150e-10 
  518       3.365966792756e-10 
  519       3.373568759218e-10 
  520       3.380888887396e-10 
  521       3.387921883107e-10 
  522       3.394662407973e-10 
  523       3.401105079263e-10 
  524       3.407244469736e-10 
  525       3.413075107491e-10 
  526       3.418591475806e-10 
  527       3.423789034333e-10 
  528       3.428667314002e-10 
  529       3.433226907278e-10 
  530       3.437468454827e-10 
  531       3.441392645805e-10 
  532       3.445000218139e-10 
  533       3.448291958813e-10 
  534       3.451268704156e-10 
  535       3.453931340123e-10 
  536       3.456280802582e-10 
  537       3.458318077599e-10 
  538       3.460044201724e-10 
  539       3.461460262275e-10 
  540       3.462567397620e-10 
  541       3.463366797470e-10 
  542       3.463859703157e-10 
  543       3.464047407920e-10 
  544       3.463931257193e-10 
  545       3.463512648889e-10 
  546       3.462793033683e-10 
  547       3.461773915301e-10 
  548       3.460456850800e-10 
  549       3.458843450857e-10 
  550       3.456935380054e-10 
  551       3.454734357160e-10 
  552       3.452242155419e-10 
  553       3.449460602835e-10 
  554       3.446391582454e-10 
  555       3.443037032652e-10 
  556       3.439398947421e-10 
  557       3.435479376651e-10 
  558       3.431280426416e-10 
  559       3.426804259259e-10 
  560       3.422053094481e-10 
  561       3.417029208419e-10 
  562       3.411734934736e-10 
  563       3.406172664705e-10 
  564       3.400344847493e-10 
  565       3.394253990450e-10 
  566       3.387902916964e-10 
  567       3.381295546771e-10 
  568       3.374436136282e-10 
  569       3.367329023211e-10 
  570       3.359978626951e-10 
  571       3.352389448957e-10 
  572       3.344566073128e-10 
  573       3.336513166186e-10 
  574       3.328235478061e-10 
  575       3.319737842269e-10 
  576       3.311025176297e-10 
  577       3.302102481978e-10 
  578       3.292974845882e-10 
  579       3.283647439688e-10 
  580       3.274125520572e-10 
  581       3.264414431583e-10 
  582       3.254519602030e-10 
  583       3.244446547858e-10 
  584       3.234200872034e-10 
  585       3.223788264927e-10 
  586       3.213214504685e-10 
  587       3.202485457623e-10 
  588       3.191607078602e-10 
  589       3.180585411408e-10 
  590       3.169426589136e-10 
  591       3.158136834570e-10 
  592       3.146722460568e-10 
  593       3.135189870436e-10 
  594       3.123545558317e-10 
  595       3.111796109568e-10 
  596       3.099948201143e-10 
  597       3.088008601973e-10 
  598       3.075984173350e-10 
  599       3.063881869305e-10 
  600       3.051708736993e-10 
  601       3.039471917071e-10 
  602       3.027178644082e-10 
  603       3.014836246833e-10 
  604       3.002452148783e-10 
  605       2.990033381075e-10 
  606       2.977585108021e-10 
  607       2.965112066865e-10 
  608       2.952619052141e-10 
  609       2.940110915886e-10 
  610       2.927592567867e-10 
  611       2.915068975803e-10 
  612       2.902545165583e-10 
  613       2.890026221492e-10 
  614       2.877517286431e-10 
  615       2.865023562139e-10 
  616       2.852550309414e-10 
  617       2.840102848338e-10 
  618       2.827686558494e-10 
  619       2.815306879192e-10 
  620       2.802969309691e-10 
  621       2.790679409416e-10 
  622       2.778442798187e-10 
  623       2.766265156433e-10 
  624       2.754152225422e-10 
  625       2.742109807476e-10 
  626       2.730143766198e-10 
  627       2.718260026689e-10 
  628       2.706464575775e-10 
  629       2.694763462225e-10 
  630       2.683162796974e-10 
  631       2.671668753347e-10 
  632       2.660287567276e-10 
  633       2.649025537528e-10 
  634       2.637889025922e-10 
  635       2.626884457552e-10 
  636       2.616018321013e-10 
  637       2.605297168615e-10 
  638       2.594727616611e-10 
  639       2.584316345419e-10 
  640       2.574070099840e-10 
  641       2.563995689281e-10 
  642       2.554099987981e-10 
  643       2.544389935226e-10 
  644       2.534871701451e-10 
  645       2.525548165351e-10 
  646       2.516421380112e-10 
  647       2.507493402352e-10 
  648       2.498766292096e-10 
  649       2.490242112765e-10 
  650       2.481922931150e-10 
  651       2.473810817395e-10 
  652       2.465907844980e-10 
  653       2.458216090700e-10 
  654       2.450737634644e-10 
  655       2.443474560182e-10 
  656       2.436428953939e-10 
  657       2.429602905780e-10 
  658       2.422998508789e-10 
  659       2.416617859251e-10 
  660       2.410463056635e-10 
  661       2.404536203568e-10 
  662       2.398839405825e-10 
  663       2.393374772302e-10 
  664       2.388144415002e-10 
  665       2.383150449013e-10 
  666       2.378394992491e-10 
  667       2.373880166640e-10 
  668       2.369608095693e-10 
  669       2.365580906891e-10 
  670       2.361800730467e-10 
  671       2.358269699627e-10 
  672       2.354989950527e-10 
  673       2.351963622257e-10 
  674       2.349192856823e-10 
  675       2.346679799123e-10 
  676       2.344426596935e-10 
  677       2.342435400891e-10 
  678       2.340708364462e-10 
  679       2.339247643937e-10 
  680       2.338055398407e-10 
  681       2.337133789742e-10 
  682       2.336484982572e-10 
  683       2.336110492373e-10 
  684       2.336009214477e-10 
  685       2.336179352949e-10 
  686       2.336619068490e-10 
  687       2.337326478251e-10 
  688       2.338299655647e-10 
  689       2.339536630171e-10 
  690       2.341035387202e-10 
  691       2.342793867828e-10 
  692       2.344809968651e-10 
  693       2.347081541604e-10 
  694       2.349606393764e-10 
  695       2.352382287168e-10 
  696       2.355406938620e-10 
  697       2.358678019511e-10 
  698       2.362193155631e-10 
  699       2.365949926977e-10 
  700       2.369945867576e-10 
  701       2.374178465289e-10 
  702       2.378645161632e-10 
  703       2.383343351584e-10 
  704       2.388270383404e-10 
  705       2.393423558442e-10 
  706       2.398800130955e-10 
  707       2.404397307917e-10 
  708       2.410212248836e-10 
  709       2.416242065566e-10 
  710       2.422483822120e-10 
  711       2.428934534482e-10 
  712       2.435591170426e-10 
  713       2.442450649323e-10 
  714       2.449509841958e-10 
  715       2.456765570342e-10 
  716       2.464214607527e-10 
  717       2.471853677419e-10 
  718       2.479679454589e-10 
  719       2.487688564091e-10 
  720       2.495877581272e-10 
  721       2.504243031584e-10 
  722       2.512781277531e-10 
  723       2.521488177359e-10 
  724       2.530359419096e-10 
  725       2.539390632594e-10 
  726       2.548577389314e-10 
  727       2.557915202109e-10 
  728       2.567399525019e-10 
  729       2.577025753053e-10 
  730       2.586789221980e-10 
  731       2.596685208114e-10 
  732       2.606708928102e-10 
  733       2.616855538713e-10 
  734       2.627120136623e-10 
  735       2.637497758205e-10 
  736       2.647983379317e-10 
  737       2.658571915085e-10 
  738       2.669258219694e-10 
  739       2.680037086177e-10 
  740       2.690903246200e-10 
  741       2.701851369848e-10 
  742       2.712876065416e-10 
  743       2.723971879196e-10 
  744       2.735133295261e-10 
  745       2.746354735257e-10 
  746       2.757630558188e-10 
  747       2.768955060205e-10 
  748       2.780322474391e-10 
  749       2.791726970550e-10 
  750       2.803162654996e-10 
  751       2.814623570339e-10 
  752       2.826103695271e-10 
  753       2.837596944356e-10 
  754       2.849097167818e-10 
  755       2.860598151324e-10 
  756       2.872093615778e-10 
  757       2.883577217104e-10 
  758       2.895042546032e-10 
  759       2.906483127893e-10 
  760       2.917892422397e-10 
  761       2.929264265567e-10 
  762       2.940594205233e-10 
  763       2.951878190714e-10 
  764       2.963112132881e-10 
  765       2.974291904030e-10 
  766       2.985413337769e-10 
  767       2.996472228888e-10 
  768       3.007464333247e-10 
  769       3.018385367647e-10 
  770       3.029231009715e-10 
  771       3.039996897781e-10 
  772       3.050678630754e-10 
  773       3.061271768005e-10 
  774       3.071771829247e-10 
  775       3.082174294407e-10 
  776       3.092474603514e-10 
  777       3.102668156571e-10 
  778       3.112750313438e-10 
  779       3.122716393709e-10 
  780       3.132561676593e-10 
  781       3.142281400788e-10 
  782       3.151870764369e-10 
  783       3.161324924657e-10 
  784       3.170638998106e-10 
  785       3.179808060177e-10 
  786       3.188827145219e-10 
  787       3.197691246348e-10 
  788       3.206395315325e-10 
  789       3.214934262436e-10 
  790       3.223302956371e-10 
  791       3.231496224103e-10 
  792       3.239508850767e-10 
  793       3.247335579536e-10 
  794       3.254971111507e-10 
  795       3.262410105572e-10 
  796       3.269647178302e-10 
  797       3.276676903827e-10 
  798       3.283493813709e-10 
  799       3.290092396827e-10 
  800       3.296467793946e-10 
  801       3.302617895576e-10 
  802       3.308541282135e-10 
  803       3.314236532739e-10 
  804       3.319702225206e-10 
  805       3.324936936067e-10 
  806       3.329939240574e-10 
  807       3.334707712712e-10 
  808       3.339240925204e-10 
  809       3.343537449523e-10 
  810       3.347595855900e-10 
  811       3.351414713333e-10 
  812       3.354992589596e-10 
  813       3.358328051251e-10 
  814       3.361419663651e-10 
  815       3.364265990954e-10 
  816       3.366865596133e-10 
  817       3.369217040979e-10 
  818       3.371318886117e-10 
  819       3.373169691011e-10 
  820       3.374768013974e-10 
  821       3.376112412176e-10 
  822       3.377201441658e-10 
  823       3.378033657333e-10 
  824       3.378607613002e-10 
  825       3.378921861362e-10 
  826       3.378974954010e-10 
  827       3.378765441458e-10 
  828       3.378291873140e-10 
  829       3.377552797421e-10 
  830       3.376546761606e-10 
  831       3.375272311948e-10 
  832       3.373727993659e-10 
  833       3.371912350921e-10 
  834       3.369823926887e-10 
  835       3.367461263701e-10 
  836       3.364822902499e-10 
  837       3.361907383421e-10 
  838       3.358713245619e-10 
  839       3.355239575809e-10 
  840       3.351487664353e-10 
  841       3.347459378002e-10 
  842       3.343156614070e-10 
  843       3.338581300536e-10 
  844       3.333735396147e-10 
  845       3.328620890519e-10 
  846       3.323239804240e-10 
  847       3.317594188975e-10 
  848       3.311686127564e-10 
  849       3.305517734129e-10 
  850       3.299091154172e-10 
  851       3.292408564683e-10 
  852       3.285472174238e-10 
  853       3.278284223101e-10 
  854       3.270846983332e-10 
  855       3.263162758883e-10 
  856       3.255233885706e-10 
  857       3.247062731850e-10 
  858       3.238651697568e-10 
  859       3.230003215418e-10 
  860       3.221119750366e-10 
  861       3.212003799885e-10 
  862       3.202657894065e-10 
  863       3.193084595707e-10 
  864       3.183286500430e-10 
  865       3.173266236774e-10 
  866       3.163026466302e-10 
  867       3.152569883700e-10 
  868       3.141899216881e-10 
  869       3.131017227091e-10 
  870       3.119926709006e-10 
  871       3.108630490836e-10 
  872       3.097131434431e-10 
  873       3.085432435379e-10 
  874       3.073536423110e-10 
  875       3.061446361000e-10 
  876       3.049165246472e-10 
  877       3.036696111099e-10 
  878       3.024042137499e-10 
  879       3.011207011942e-10 
  880       2.998194577810e-10 
  881       2.985008719456e-10 
  882       2.971653362322e-10 
  883       2.958132473063e-10 
  884       2.944450059666e-10 
  885       2.930610171571e-10 
  886       2.916616899791e-10 
  887       2.902474377033e-10 
  888       2.888186777819e-10 
  889       2.873758318608e-10 
  890       2.859193257913e-10 
  891       2.844495896425e-10 
  892       2.829670577132e-10 
  893       2.814721685441e-10 
  894       2.799653649296e-10 
  895       2.784470939301e-10 
  896       2.769178068843e-10 
  897       2.753779594205e-10 
  898       2.738280114695e-10 
  899       2.722684272761e-10 
  900       2.706996754115e-10 
  901       2.691222287852e-10 
  902       2.675365646570e-10 
  903       2.659431646493e-10 
  904       2.643425147590e-10 
  905       2.627351053697e-10 
  906       2.611214312633e-10 
  907       2.595019916329e-10 
  908       2.578772900940e-10 
  909       2.562478346973e-10 
  910       2.546141379402e-10 
  911       2.529767167791e-10 
  912       2.513360926416e-10 
  913       2.496927914383e-10 
  914       2.480473435751e-10 
  915       2.464002839650e-10 
  916       2.447521520404e-10 
  917       2.431034591247e-10 
  918       2.414545899536e-10 
  919       2.398058996096e-10 
  920       2.381577460279e-10 
  921       2.365104900034e-10 
  922       2.348644951984e-10 
  923       2.332201281502e-10 
  924       2.315777582778e-10 
  925       2.299377578903e-10 
  926       2.283005021934e-10 
  927       2.266663692974e-10 
  928       2.250357402244e-10 
  929       2.234089989158e-10 
  930       2.217865322393e-10 
  931       2.201687299972e-10 
  932       2.185559849328e-10 
  933       2.169486927385e-10 
  934       2.153472520631e-10 
  935       2.137520645189e-10 
  936       2.121635346894e-10 
  937       2.105820701366e-10 
  938       2.090080814086e-10 
  939       2.074419820466e-10 
  940       2.058841885929e-10 
  941       2.043351205976e-10 
  942       2.027952006268e-10 
  943       2.012648542693e-10 
  944       1.997445101445e-10 
  945       1.982345999095e-10 
  946       1.967355582667e-10 
  947       1.952478229713e-10 
  948       1.937718348385e-10 
  949       1.923080377508e-10 
  950       1.908568786658e-10 
  951       1.894188076234e-10 
  952       1.879942777531e-10 
  953       1.865837452818e-10 
  954       1.851876695406e-10 
  955       1.838065129727e-10 
  956       1.824406866720e-10 
  957       1.810903860717e-10 
  958       1.797557527602e-10 
  959       1.784369287228e-10 
  960       1.771340563417e-10 
  961       1.758472783965e-10 
  962       1.745767380642e-10 
  963       1.733225789200e-10 
  964       1.720849449368e-10 
  965       1.708639804862e-10 
  966       1.696598303382e-10 
  967       1.684726396620e-10 
  968       1.673025540258e-10 
  969       1.661497193972e-10 
  970       1.650142821437e-10 
  971       1.638963890327e-10 
  972       1.627961872319e-10 
  973       1.617138243093e-10 
  974       1.606494482341e-10 
  975       1.596032073763e-10 
  976       1.585752505073e-10 
  977       1.575657268000e-10 
  978       1.565747858294e-10 
  979       1.556025775724e-10 
  980       1.546492524085e-10 
  981       1.537149611197e-10 
  982       1.527998548911e-10 
  983       1.519040853109e-10 
  984       1.510278043708e-10 
  985       1.501711644664e-10 
  986       1.493343183970e-10 
  987       1.485174193666e-10 
  988       1.477206209833e-10 
  989       1.469440772604e-10 
  990       1.461879426162e-10 
  991       1.454523718741e-10 
  992       1.447375202635e-10 
  993       1.440435434195e-10 
  994       1.433705973834e-10 
  995       1.427187934992e-10 
  996       1.420880623781e-10 
  997       1.414782879372e-10 
  998       1.408893523178e-10 
  999       1.403211358795e-10 
 1000       1.397735171952e-10 
 1001       1.392463730462e-10 
 1002       1.387395784164e-10 
 1003       1.382530064879e-10 
 1004       1.377865286351e-10 
 1005       1.373400144199e-10 
 1006       1.369133315862e-10 
 1007       1.365063460553e-10 
 1008       1.361189219198e-10 
 1009       1.357509214393e-10 
 1010       1.354022050347e-10 
 1011       1.350726312831e-10 
 1012       1.347620569127e-10 
 1013       1.344703367974e-10 
 1014       1.341973239520e-10 
 1015       1.339428695265e-10 
 1016       1.337068228013e-10 
 1017       1.334890311818e-10 
 1018       1.332893401933e-10 
 1019       1.331075934759e-10 
 1020       1.329436327790e-10 
 1021       1.327972979564e-10 
 1022       1.326684269610e-10 
 1023       1.325568558396e-10 
 1024       1.324624187277e-10 
 1025       1.323849478443e-10 
 1026       1.323242734869e-10 
 1027       1.322802240259e-10 
 1028       1.322526258999e-10 
 1029       1.322413036099e-10 
 1030       1.322460797147e-10 
 1031       1.322667748256e-10 
 1032       1.323032076008e-10 
 1033       1.323551947406e-10 
 1034       1.324225376432e-10 
 1035       1.325049821771e-10 
 1036       1.326022583298e-10 
 1037       1.327140934889e-10 
 1038       1.328402124351e-10 
 1039       1.329803373359e-10 
 1040       1.331341877383e-10 
 1041       1.333014805625e-10 
 1042       1.334819300955e-10 
 1043       1.336752479836e-10 
 1044       1.338811432264e-10 
 1045       1.340993221700e-10 
 1046       1.343294885001e-10 
 1047       1.345713432354e-10 
 1048       1.348245847210e-10 
 1049       1.350889086214e-10 
 1050       1.353640079144e-10 
 1051       1.356495728839e-10 
 1052       1.359452911133e-10 
 1053       1.362508474789e-10 
 1054       1.365659241435e-10 
 1055       1.368902005489e-10 
 1056       1.372233534100e-10 
 1057       1.375650567080e-10 
 1058       1.379149816831e-10 
 1059       1.382727968287e-10 
 1060       1.386381678839e-10 
 1061       1.390107578274e-10 
 1062       1.393902268706e-10 
 1063       1.397762324506e-10 
 1064       1.401684292242e-10 
 1065       1.405664690606e-10 
 1066       1.409700010350e-10 
 1067       1.413786714217e-10 
 1068       1.417921236877e-10 
 1069       1.422099984859e-10 
 1070       1.426319336483e-10 
 1071       1.430575641793e-10 
 1072       1.434865222492e-10 
 1073       1.439184576021e-10 
 1074       1.443530990979e-10 
 1075       1.447901939950e-10 
 1076       1.452294876071e-10 
 1077       1.456707232984e-10 
 1078       1.461136424796e-10 
 1079       1.465579846026e-10 
 1080       1.470034871565e-10 
 1081       1.474498856628e-10 
 1082       1.478969136709e-10 
 1083       1.483443027536e-10 
 1084       1.487917825021e-10 
 1085       1.492390805223e-10 
 1086       1.496859224294e-10 
 1087       1.501320318437e-10 
 1088       1.505771303861e-10 
 1089       1.510209376734e-10 
 1090       1.514631713137e-10 
 1091       1.519035469020e-10 
 1092       1.523417780156e-10 
 1093       1.527775762092e-10 
 1094       1.532106510111e-10 
 1095       1.536407099178e-10 
 1096       1.540674583898e-10 
 1097       1.544905998473e-10 
 1098       1.549098356650e-10 
 1099       1.553248651683e-10 
 1100       1.557353856282e-10 
 1101       1.561410922566e-10 
 1102       1.565416782025e-10 
 1103       1.569368345467e-10 
 1104       1.573262502974e-10 
 1105       1.577096123859e-10 
 1106       1.580866056618e-10 
 1107       1.584569128886e-10 
 1108       1.588202147389e-10 
 1109       1.591761897901e-10 
 1110       1.595245145197e-10 
 1111       1.598648633006e-10 
 1112       1.601969468337e-10 
 1113       1.605206280069e-10 
 1114       1.608358075493e-10 
 1115       1.611423857318e-10 
 1116       1.614402623659e-10 
 1117       1.617293368033e-10 
 1118       1.620095079347e-10 
 1119       1.622806741894e-10 
 1120       1.625427335337e-10 
 1121       1.627955834711e-10 
 1122       1.630391210404e-10 
 1123       1.632732428158e-10 
 1124       1.634978449054e-10 
 1125       1.637128229506e-10 
 1126       1.639180721254e-10 
 1127       1.641134871353e-10 
 1128       1.642989622167e-10 
 1129       1.644743911359e-10 
 1130       1.646396671882e-10 
 1131       1.647946831975e-10 
 1132       1.649393315148e-10 
 1133       1.650735040180e-10 
 1134       1.651970921106e-10 
 1135       1.653099867210e-10 
 1136       1.654120783018e-10 
 1137       1.655032568290e-10 
 1138       1.655834118008e-10 
 1139       1.656524322370e-10 
 1140       1.657102066784e-10 
 1141       1.657566231855e-10 
 1142       1.657915693379e-10 
 1143       1.658149322335e-10 
 1144       1.658265984876e-10 
 1145       1.658264542322e-10 
 1146       1.658143851148e-10 
 1147       1.657902762981e-10 
 1148       1.657540124585e-10 
 1149       1.657054777860e-10 
 1150       1.656445559827e-10 
 1151       1.655711635427e-10 
 1152       1.654853500543e-10 
 1153       1.653871991697e-10 
 1154       1.652767954420e-10 
 1155       1.651542243277e-10 
 1156       1.650195721889e-10 
 1157       1.648729262953e-10 
 1158       1.647143748264e-10 
 1159       1.645440068739e-10 
 1160       1.643619124436e-10 
 1161       1.641681824575e-10 
 1162       1.639629087565e-10 
 1163       1.637461841019e-10 
 1164       1.635181021783e-10 
 1165       1.632787575949e-10 
 1166       1.630282458885e-10 
 1167       1.627666635252e-10 
 1168       1.624941079028e-10 
 1169       1.622106773527e-10 
 1170       1.619164711426e-10 
 1171       1.616115894779e-10 
 1172       1.612961335046e-10 
 1173       1.609702053112e-10 
 1174       1.606339079307e-10 
 1175       1.602873453430e-10 
 1176       1.599306224770e-10 
 1177       1.595638452129e-10 
 1178       1.591871203842e-10 
 1179       1.588005557798e-10 
 1180       1.584042601466e-10 
 1181       1.579983431911e-10 
 1182       1.575829155820e-10 
 1183       1.571580889523e-10 
 1184       1.567239759013e-10 
 1185       1.562806899970e-10 
 1186       1.558283457781e-10 
 1187       1.553670587563e-10 
 1188       1.548969454183e-10 
 1189       1.544181232283e-10 
 1190       1.539307221142e-10 
 1191       1.534349190773e-10 
 1192       1.529309040124e-10 
 1193       1.524188682647e-10 
 1194       1.518990046333e-10 
 1195       1.513715073740e-10 
 1196       1.508365722028e-10 
 1197       1.502943962988e-10 
 1198       1.497451783075e-10 
 1199       1.491891183439e-10 
 1200       1.486264179954e-10 
 1201       1.480572803255e-10 
 1202       1.474819098765e-10 
 1203       1.469005126727e-10 
 1204       1.463132962238e-10 
 1205       1.457204695275e-10 
 1206       1.451222430736e-10 
 1207       1.445188288460e-10 
 1208       1.439104403268e-10 
 1209       1.432972924989e-10 
 1210       1.426796018493e-10 
 1211       1.420575863723e-10 
 1212       1.414314655726e-10 
 1213       1.408014604685e-10 
 1214       1.401677935949e-10 
 1215       1.395306890066e-10 
 1216       1.388903722816e-10 
 1217       1.382470705236e-10 
 1218       1.376010123660e-10 
 1219       1.369524279745e-10 
 1220       1.363015490503e-10 
 1221       1.356486088335e-10 
 1222       1.349938421061e-10 
 1223       1.343374851949e-10 
 1224       1.336797759751e-10 
 1225       1.330209538732e-10 
 1226       1.323612598701e-10 
 1227       1.317009365045e-10 
 1228       1.310402278755e-10 
 1229       1.303793669246e-10 
 1230       1.297185371061e-10 
 1231       1.290579102669e-10 
 1232       1.283976593287e-10 
 1233       1.277379582907e-10 
 1234       1.270789822311e-10 
 1235       1.264209073100e-10 
 1236       1.257639107708e-10 
 1237       1.251081709428e-10 
 1238       1.244538672433e-10 
 1239       1.238011801795e-10 
 1240       1.231502913508e-10 
 1241       1.225013834511e-10 
 1242       1.218546402705e-10 
 1243       1.212102466978e-10 
 1244       1.205683887227e-10 
 1245       1.199292534375e-10 
 1246       1.192930290397e-10 
 1247       1.186599048340e-10 
 1248       1.180300712341e-10 
 1249       1.174037197654e-10 
 1250       1.167810430668e-10 
 1251       1.161622348929e-10 
 1252       1.155474901161e-10 
 1253       1.149370047288e-10 
 1254       1.143309758456e-10 
 1255       1.137296017052e-10 
 1256       1.131330816728e-10 
 1257       1.125416162421e-10 
 1258       1.119554070375e-10 
 1259       1.113746568162e-10 
 1260       1.107995694703e-10 
 1261       1.102303500291e-10 
 1262       1.096672046609e-10 
 1263       1.091103406756e-10 
 1264       1.085599665266e-10 
 1265       1.080162918126e-10 
 1266       1.074795272806e-10 
 1267       1.069498848270e-10 
 1268       1.064275515036e-10 
 1269       1.059126112008e-10 
 1270       1.054051220651e-10 
 1271       1.049051424149e-10 
 1272       1.044127307404e-10 
 1273       1.039279457038e-10 
 1274       1.034508461395e-10 
 1275       1.029814910544e-10 
 1276       1.025199396281e-10 
 1277       1.020662512128e-10 
 1278       1.016204853340e-10 
 1279       1.011827016903e-10 
 1280       1.007529601538e-10 
 1281       1.003313207702e-10 
 1282       9.991784375901e-11 
 1283       9.951258951381e-11 
 1284       9.911561860240e-11 
 1285       9.872699176701e-11 
 1286       9.834676992451e-11 
 1287       9.797501416660e-11 
 1288       9.761178576001e-11 
 1289       9.725714614669e-11 
 1290       9.691115694403e-11 
 1291       9.657387994504e-11 
 1292       9.624537711856e-11 
 1293       9.592571060947e-11 
 1294       9.561494273885e-11 
 1295       9.531313600423e-11 
 1296       9.502035307975e-11 
 1297       9.473665681638e-11 
 1298       9.446211024211e-11 
 1299       9.419677656217e-11 
 1300       9.394071915919e-11 
 1301       9.369400159344e-11 
 1302       9.345668760299e-11 
 1303       9.322884110394e-11 
 1304       9.301052619062e-11 
 1305       9.280180713578e-11 
 1306       9.260274839077e-11 
 1307       9.241339168698e-11 
 1308       9.223368705939e-11 
 1309       9.206356105177e-11 
 1310       9.190293954412e-11 
 1311       9.175174775123e-11 
 1312       9.160991022125e-11 
 1313       9.147735083434e-11 
 1314       9.135399280120e-11 
 1315       9.123975866170e-11 
 1316       9.113457028347e-11 
 1317       9.103834886049e-11 
 1318       9.095101491165e-11 
 1319       9.087248827938e-11 
 1320       9.080268812825e-11 
 1321       9.074153294352e-11 
 1322       9.068894052976e-11 
 1323       9.064482800944e-11 
 1324       9.060911182152e-11 
 1325       9.058170772003e-11 
 1326       9.056253077269e-11 
 1327       9.055149535946e-11 
 1328       9.054851517118e-11 
 1329       9.055350320812e-11 
 1330       9.056637177862e-11 
 1331       9.058703249761e-11 
 1332       9.061539628527e-11 
 1333       9.065137336561e-11 
 1334       9.069487326501e-11 
 1335       9.074580481089e-11 
 1336       9.080407613023e-11 
 1337       9.086959464822e-11 
 1338       9.094226708681e-11 
 1339       9.102199946333e-11 
 1340       9.110869708906e-11 
 1341       9.120226456784e-11 
 1342       9.130260579465e-11 
 1343       9.140962395421e-11 
 1344       9.152322151957e-11 
 1345       9.164330025069e-11 
 1346       9.176975345314e-11 
 1347       9.190244266486e-11 
 1348       9.204122071333e-11 
 1349       9.218593943059e-11 
 1350       9.233644965132e-11 
 1351       9.249260121090e-11 
 1352       9.265424294352e-11 
 1353       9.282122268023e-11 
 1354       9.299338724706e-11 
 1355       9.317058246304e-11 
 1356       9.335265313834e-11 
 1357       9.353944307232e-11 
 1358       9.373079505161e-11 
 1359       9.392655084820e-11 
 1360       9.412655121749e-11 
 1361       9.433063589642e-11 
 1362       9.453864360152e-11 
 1363       9.475041202697e-11 
 1364       9.496577784273e-11 
 1365       9.518457669258e-11 
 1366       9.540664319220e-11 
 1367       9.563181092727e-11 
 1368       9.585991245156e-11 
 1369       9.609077928496e-11 
 1370       9.632424191161e-11 
 1371       9.656012977796e-11 
 1372       9.679827129083e-11 
 1373       9.703849381553e-11 
 1374       9.728062367392e-11 
 1375       9.752448614247e-11 
 1376       9.776990545038e-11 
 1377       9.801670477763e-11 
 1378       9.826470625306e-11 
 1379       9.851373095248e-11 
 1380       9.876359889670e-11 
 1381       9.901412904965e-11 
 1382       9.926513931647e-11 
 1383       9.951644654152e-11 
 1384       9.976786650654e-11 
 1385       1.000192234349e-10 
 1386       1.002703786180e-10 
 1387       1.005212020875e-10 
 1388       1.007715631347e-10 
 1389       1.010213303098e-10 
 1390       1.012703714202e-10 
 1391       1.015185535293e-10 
 1392       1.017657429550e-10 
 1393       1.020118052688e-10 
 1394       1.022566052939e-10 
 1395       1.025000071045e-10 
 1396       1.027418740238e-10 
 1397       1.029820686233e-10 
 1398       1.032204527211e-10 
 1399       1.034568873805e-10 
 1400       1.036912329091e-10 
 1401       1.039233488571e-10 
 1402       1.041530940161e-10 
 1403       1.043803264178e-10 
 1404       1.046049033325e-10 
 1405       1.048266812680e-10 
 1406       1.050455159683e-10 
 1407       1.052612624121e-10 
 1408       1.054737748113e-10 
 1409       1.056829066102e-10 
 1410       1.058885104838e-10 
 1411       1.060904383365e-10 
 1412       1.062885413009e-10 
 1413       1.064826697363e-10 
 1414       1.066726732276e-10 
 1415       1.068584005838e-10 
 1416       1.070396998367e-10 
 1417       1.072164182397e-10 
 1418       1.073884022662e-10 
 1419       1.075554976085e-10 
 1420       1.077175491766e-10 
 1421       1.078744010965e-10 
 1422       1.080258967092e-10 
 1423       1.081718785690e-10 
 1424       1.083122075444e-10 
 1425       1.084468203352e-10 
 1426       1.085756725436e-10 
 1427       1.086987196250e-10 
 1428       1.088159168888e-10 
 1429       1.089272194972e-10 
 1430       1.090325824658e-10 
 1431       1.091319606631e-10 
 1432       1.092253088102e-10 
 1433       1.093125814808e-10 
 1434       1.093937331008e-10 
 1435       1.094687179485e-10 
 1436       1.095374901538e-10 
 1437       1.096000036985e-10 
 1438       1.096562124160e-10 
 1439       1.097060699908e-10 
 1440       1.097495299587e-10 
 1441       1.097865457065e-10 
 1442       1.098170704716e-10 
 1443       1.098410573421e-10 
 1444       1.098584592564e-10 
 1445       1.098692290030e-10 
 1446       1.098733192203e-10 
 1447       1.098706823967e-10 
 1448       1.098612708700e-10 
 1449       1.098450368274e-10 
 1450       1.098219323054e-10 
 1451       1.097919091891e-10 
 1452       1.097549192129e-10 
 1453       1.097109139595e-10 
 1454       1.096598448600e-10 
 1455       1.096016631936e-10 
 1456       1.095363200878e-10 
 1457       1.094637665177e-10 
 1458       1.093839533059e-10 
 1459       1.092968311227e-10 
 1460       1.092023504854e-10 
 1461       1.091004617583e-10 
 1462       1.089911151526e-10 
 1463       1.088742779553e-10 
 1464       1.087499864042e-10 
 1465       1.086182943315e-10 
 1466       1.084792559815e-10 
 1467       1.083329260124e-10 
 1468       1.081793594964e-10 
 1469       1.080186119205e-10 
 1470       1.078507391878e-10 
 1471       1.076757976175e-10 
 1472       1.074938439465e-10 
 1473       1.073049353294e-10 
 1474       1.071091293398e-10 
 1475       1.069064839707e-10 
 1476       1.066970576357e-10 
 1477       1.064809091692e-10 
 1478       1.062580978278e-10 
 1479       1.060286832906e-10 
 1480       1.057927256601e-10 
 1481       1.055502854630e-10 
 1482       1.053014236511e-10 
 1483       1.050462016017e-10 
 1484       1.047846811188e-10 
 1485       1.045169244335e-10 
 1486       1.042429942051e-10 
 1487       1.039629535217e-10 
 1488       1.036768659008e-10 
 1489       1.033847952903e-10 
 1490       1.030868060694e-10 
 1491       1.027829630489e-10 
 1492       1.024733314725e-10 
 1493       1.021579770172e-10 
 1494       1.018369657941e-10 
 1495       1.015103643494e-10 
 1496       1.011782396651e-10 
 1497       1.008406591594e-10 
 1498       1.004976906880e-10 
 1499       1.001494025446e-10 
 1500       9.979586346168e-11 
 1501       9.943714261120e-11 
 1502       9.907331606934e-11 
 1503       9.870448627716e-11 
 1504       9.833076277089e-11 
 1505       9.795225573642e-11 
 1506       9.756907601046e-11 
 1507       9.718133508164e-11 
 1508       9.678914509160e-11 
 1509       9.639261883613e-11 
 1510       9.599186976629e-11 
 1511       9.558701198947e-11 
 1512       9.517816027056e-11 
 1513       9.476543003305e-11 
 1514       9.434893736011e-11 
 1515       9.392879899575e-11 
 1516       9.350513234587e-11 
 1517       9.307805547946e-11 
 1518       9.264768712962e-11 
 1519       9.221414669474e-11 
 1520       9.177755423958e-11 
 1521       9.133803049638e-11 
 1522       9.089569686601e-11 
 1523       9.045067541903e-11 
 1524       9.000308889684e-11 
 1525       8.955306071277e-11 
 1526       8.910071495321e-11 
 1527       8.864617637871e-11 
 1528       8.818957042510e-11 
 1529       8.773102320461e-11 
 1530       8.727066150696e-11 
 1531       8.680861280048e-11 
 1532       8.634500523324e-11 
 1533       8.587996763415e-11 
 1534       8.541362951406e-11 
 1535       8.494612106689e-11 
 1536       8.447757317074e-11 
 1537       8.400811738900e-11 
 1538       8.353788597146e-11 
 1539       8.306701185543e-11 
 1540       8.259562866683e-11 
 1541       8.212386478655e-11 
 1542       8.165182548558e-11 
 1543       8.117961062247e-11 
 1544       8.070732056359e-11 
 1545       8.023505618391e-11 
 1546       7.976291886784e-11 
 1547       7.929101050999e-11 
 1548       7.881943351605e-11 
 1549       7.834829080356e-11 
 1550       7.787768580273e-11 
 1551       7.740772245726e-11 
 1552       7.693850522515e-11 
 1553       7.647013907951e-11 
 1554       7.600272950937e-11 
 1555       7.553638252051e-11 
 1556       7.507120463624e-11 
 1557       7.460730289826e-11 
 1558       7.414478486741e-11 
 1559       7.368375862456e-11 
 1560       7.322433277134e-11 
 1561       7.276661643103e-11 
 1562       7.231071924930e-11 
 1563       7.185675139510e-11 
 1564       7.140482356139e-11 
 1565       7.095504696604e-11 
 1566       7.050753335255e-11 
 1567       7.006239499094e-11 
 1568       6.961974467854e-11 
 1569       6.917969574076e-11 
 1570       6.874236203198e-11 
 1571       6.830785793629e-11 
 1572       6.787629836835e-11 
 1573       6.744779877418e-11 
 1574       6.702247513199e-11 
 1575       6.660044395297e-11 
 1576       6.618182228212e-11 
 1577       6.576672769906e-11 
 1578       6.535527831884e-11 
 1579       6.494759279274e-11 
 1580       6.454377701445e-11 
 1581       6.414388410225e-11 
 1582       6.374795404791e-11 
 1583       6.335602697790e-11 
 1584       6.296814315360e-11 
 1585       6.258434297144e-11 
 1586       6.220466696307e-11 
 1587       6.182915579557e-11 
 1588       6.145785027160e-11 
 1589       6.109079132956e-11 
 1590       6.072802004378e-11 
 1591       6.036957762473e-11 
 1592       6.001550541911e-11 
 1593       5.966584491011e-11 
 1594       5.932063771752e-11 
 1595       5.897992559795e-11 
 1596       5.864375044498e-11 
 1597       5.831215428934e-11 
 1598       5.798517929906e-11 
 1599       5.766286777971e-11 
 1600       5.734526217450e-11 
 1601       5.703240506450e-11 
 1602       5.672433916878e-11 
 1603       5.642110734462e-11 
 1604       5.612275258768e-11 
 1605       5.582931803213e-11 
 1606       5.554084695089e-11 
 1607       5.525738275573e-11 
 1608       5.497896899752e-11 
 1609       5.470564936636e-11 
 1610       5.443746769174e-11 
 1611       5.417446794277e-11 
 1612       5.391669422830e-11 
 1613       5.366419079711e-11 
 1614       5.341700203810e-11 
 1615       5.317517248046e-11 
 1616       5.293874679381e-11 
 1617       5.270776978844e-11 
 1618       5.248228641540e-11 
 1619       5.226232924772e-11 
 1620       5.204788079972e-11 
 1621       5.183891086754e-11 
 1622       5.163538901683e-11 
 1623       5.143728458241e-11 
 1624       5.124456666782e-11 
 1625       5.105720414494e-11 
 1626       5.087516565358e-11 
 1627       5.069841960113e-11 
 1628       5.052693416208e-11 
 1629       5.036067727770e-11 
 1630       5.019961665558e-11 
 1631       5.004371976928e-11 
 1632       4.989295385789e-11 
 1633       4.974728592567e-11 
 1634       4.960668274162e-11 
 1635       4.947111083908e-11 
 1636       4.934053651538e-11 
 1637       4.921492583137e-11 
 1638       4.909424461109e-11 
 1639       4.897845844129e-11 
 1640       4.886753267114e-11 
 1641       4.876143241173e-11 
 1642       4.866012253572e-11 
 1643       4.856356767694e-11 
 1644       4.847173222998e-11 
 1645       4.838458034980e-11 
 1646       4.830207595133e-11 
 1647       4.822418270905e-11 
 1648       4.815086405665e-11 
 1649       4.808208318654e-11 
 1650       4.801780304955e-11 
 1651       4.795798635445e-11 
 1652       4.790259556761e-11 
 1653       4.785159291256e-11 
 1654       4.780494036960e-11 
 1655       4.776259967545e-11 
 1656       4.772453232276e-11 
 1657       4.769069955980e-11 
 1658       4.766105698026e-11 
 1659       4.763553824150e-11 
 1660       4.761407120183e-11 
 1661       4.759658331663e-11 
 1662       4.758300163766e-11 
 1663       4.757325281247e-11 
 1664       4.756726308375e-11 
 1665       4.756495828868e-11 
 1666       4.756626385832e-11 
 1667       4.757110481696e-11 
 1668       4.757940578148e-11 
 1669       4.759109096075e-11 
 1670       4.760608415494e-11 
 1671       4.762430875493e-11 
 1672       4.764568774166e-11 
 1673       4.767014368550e-11 
 1674       4.769759874560e-11 
 1675       4.772797466928e-11 
 1676       4.776119279136e-11 
 1677       4.779717403356e-11 
 1678       4.783583890387e-11 
 1679       4.787710749586e-11 
 1680       4.792089948811e-11 
 1681       4.796713414354e-11 
 1682       4.801573030879e-11 
 1683       4.806660641357e-11 
 1684       4.811968047004e-11 
 1685       4.817487007215e-11 
 1686       4.823209239506e-11 
 1687       4.829126419445e-11 
 1688       4.835230180589e-11 
 1689       4.841512114425e-11 
 1690       4.847963770302e-11 
 1691       4.854576655369e-11 
 1692       4.861342234512e-11 
 1693       4.868251930290e-11 
 1694       4.875297122873e-11 
 1695       4.882469149976e-11 
 1696       4.889759306795e-11 
 1697       4.897159174558e-11 
 1698       4.904661609380e-11 
 1699       4.912259761804e-11 
 1700       4.919946748916e-11 
 1701       4.927715654295e-11 
 1702       4.935559527963e-11 
 1703       4.943471386336e-11 
 1704       4.951444212173e-11 
 1705       4.959470954528e-11 
 1706       4.967544528698e-11 
 1707       4.975657816174e-11 
 1708       4.983803664594e-11 
 1709       4.991974887687e-11 
 1710       5.000164265230e-11 
 1711       5.008364542994e-11 
 1712       5.016568432696e-11 
 1713       5.024768611947e-11 
 1714       5.032957724206e-11 
 1715       5.041128378726e-11 
 1716       5.049273150508e-11 
 1717       5.057384580250e-11 
 1718       5.065455174293e-11 
 1719       5.073477404579e-11 
 1720       5.081443708594e-11 
 1721       5.089346489325e-11 
 1722       5.097178115203e-11 
 1723       5.104930920058e-11 
 1724       5.112597203068e-11 
 1725       5.120169228710e-11 
 1726       5.127639226709e-11 
 1727       5.134999391987e-11 
 1728       5.142241884618e-11 
 1729       5.149358829771e-11 
 1730       5.156342317668e-11 
 1731       5.163184403529e-11 
 1732       5.169877107523e-11 
 1733       5.176412414721e-11 
 1734       5.182782275041e-11 
 1735       5.188978603204e-11 
 1736       5.194994145425e-11 
 1737       5.200825087589e-11 
 1738       5.206468468958e-11 
 1739       5.211921317411e-11 
 1740       5.217180649425e-11 
 1741       5.222243470063e-11 
 1742       5.227106772955e-11 
 1743       5.231767540286e-11 
 1744       5.236222742778e-11 
 1745       5.240469339677e-11 
 1746       5.244504278736e-11 
 1747       5.248324496203e-11 
 1748       5.251926916799e-11 
 1749       5.255308453710e-11 
 1750       5.258466008568e-11 
 1751       5.261396471435e-11 
 1752       5.264096720790e-11 
 1753       5.266563623513e-11 
 1754       5.268794034868e-11 
 1755       5.270784798492e-11 
 1756       5.272532746373e-11 
 1757       5.274034698841e-11 
 1758       5.275287464550e-11 
 1759       5.276287840463e-11 
 1760       5.277032611835e-11 
 1761       5.277518552202e-11 
 1762       5.277742423360e-11 
 1763       5.277700975356e-11 
 1764       5.277390946468e-11 
 1765       5.276809063190e-11 
 1766       5.275952040219e-11 
 1767       5.274816580440e-11 
 1768       5.273399374907e-11 
 1769       5.271697102831e-11 
 1770       5.269706431564e-11 
 1771       5.267424016582e-11 
 1772       5.264846501474e-11 
 1773       5.261970517921e-11 
 1774       5.258792685686e-11 
 1775       5.255310472374e-11 
 1776       5.251524780520e-11 
 1777       5.247437381797e-11 
 1778       5.243050059198e-11 
 1779       5.238364607042e-11 
 1780       5.233382831003e-11 
 1781       5.228106548118e-11 
 1782       5.222537586811e-11 
 1783       5.216677786907e-11 
 1784       5.210528999648e-11 
 1785       5.204093087716e-11 
 1786       5.197371925247e-11 
 1787       5.190367397845e-11 
 1788       5.183081402607e-11 
 1789       5.175515848134e-11 
 1790       5.167672654553e-11 
 1791       5.159553753529e-11 
 1792       5.151161088289e-11 
 1793       5.142496613635e-11 
 1794       5.133562295962e-11 
 1795       5.124360113277e-11 
 1796       5.114892055214e-11 
 1797       5.105160123056e-11 
 1798       5.095166329746e-11 
 1799       5.084912699908e-11 
 1800       5.074401269868e-11 
 1801       5.063634087663e-11 
 1802       5.052613213067e-11 
 1803       5.041340717601e-11 
 1804       5.029818684556e-11 
 1805       5.018049209008e-11 
 1806       5.006034397837e-11 
 1807       4.993776369741e-11 
 1808       4.981277255258e-11 
 1809       4.968539196780e-11 
 1810       4.955564348570e-11 
 1811       4.942354876785e-11 
 1812       4.928912959486e-11 
 1813       4.915240786660e-11 
 1814       4.901340963149e-11 
 1815       4.887217720956e-11 
 1816       4.872875716754e-11 
 1817       4.858319629891e-11 
 1818       4.843554162425e-11 
 1819       4.828584039155e-11 
 1820       4.813414007652e-11 
 1821       4.798048838291e-11 
 1822       4.782493324289e-11 
 1823       4.766752281726e-11 
 1824       4.750830549588e-11 
 1825       4.734732989793e-11 
 1826       4.718464487224e-11 
 1827       4.702029949764e-11 
 1828       4.685434308324e-11 
 1829       4.668682516877e-11 
 1830       4.651779552492e-11 
 1831       4.634730415362e-11 
 1832       4.617540128840e-11 
 1833       4.600213739469e-11 
 1834       4.582756317015e-11 
 1835       4.565172954498e-11 
 1836       4.547468768227e-11 
 1837       4.529648897826e-11 
 1838       4.511718506275e-11 
 1839       4.493682779934e-11 
 1840       4.475546928579e-11 
 1841       4.457316185434e-11 
 1842       4.438995807203e-11 
 1843       4.420591074101e-11 
 1844       4.402107289887e-11 
 1845       4.383549781896e-11 
 1846       4.364923901072e-11 
 1847       4.346235021998e-11 
 1848       4.327488542930e-11 
 1849       4.308689885828e-11 
 1850       4.289844496390e-11 
 1851       4.270957844080e-11 
 1852       4.252035422167e-11 
 1853       4.233082565686e-11 
 1854       4.214103903719e-11 
 1855       4.195103902855e-11 
 1856       4.176087048890e-11 
 1857       4.157057846847e-11 
 1858       4.138020821006e-11 
 1859       4.118980514929e-11 
 1860       4.099941491485e-11 
 1861       4.080908332877e-11 
 1862       4.061885640665e-11 
 1863       4.042878035794e-11 
 1864       4.023890158622e-11 
 1865       4.004926668940e-11 
 1866       3.985992246003e-11 
 1867       3.967091588552e-11 
 1868       3.948229414842e-11 
 1869       3.929410462668e-11 
 1870       3.910639489390e-11 
 1871       3.891921271958e-11 
 1872       3.873260606939e-11 
 1873       3.854662310540e-11 
 1874       3.836131218640e-11 
 1875       3.817672186810e-11 
 1876       3.799290090339e-11 
 1877       3.780989824262e-11 
 1878       3.762776303388e-11 
 1879       3.744654462319e-11 
 1880       3.726629255482e-11 
 1881       3.708705657150e-11 
 1882       3.690888661473e-11 
 1883       3.673183282498e-11 
 1884       3.655594554200e-11 
 1885       3.638127530505e-11 
 1886       3.620787285315e-11 
 1887       3.603578912536e-11 
 1888       3.586507526101e-11 
 1889       3.569578260000e-11 
 1890       3.552796268302e-11 
 1891       3.536166725181e-11 
 1892       3.519694265533e-11 
 1893       3.503381302042e-11 
 1894       3.487229695144e-11 
 1895       3.471241311266e-11 
 1896       3.455418022834e-11 
 1897       3.439761708278e-11 
 1898       3.424274252040e-11 
 1899       3.408957544578e-11 
 1900       3.393813482380e-11 
 1901       3.378843967964e-11 
 1902       3.364050909887e-11 
 1903       3.349436222755e-11 
 1904       3.335001827225e-11 
 1905       3.320749650018e-11 
 1906       3.306681623920e-11 
 1907       3.292799687794e-11 
 1908       3.279105786582e-11 
 1909       3.265601871317e-11 
 1910       3.252289899127e-11 
 1911       3.239171833244e-11 
 1912       3.226249643009e-11 
 1913       3.213525303879e-11 
 1914       3.201000797436e-11 
 1915       3.188678111393e-11 
 1916       3.176559239600e-11 
 1917       3.164646182054e-11 
 1918       3.152940944902e-11 
 1919       3.141445540450e-11 
 1920       3.130161987171e-11 
 1921       3.119092309712e-11 
 1922       3.108238538897e-11 
 1923       3.097602711739e-11 
 1924       3.087186871446e-11 
 1925       3.076993067425e-11 
 1926       3.067023355293e-11 
 1927       3.057279796882e-11 
 1928       3.047764460244e-11 
 1929       3.038479419662e-11 
 1930       3.029426755656e-11 
 1931       3.020607982249e-11 
 1932       3.012022324018e-11 
 1933       3.003668425999e-11 
 1934       2.995544925231e-11 
 1935       2.987650450741e-11 
 1936       2.979983623537e-11 
 1937       2.972543056593e-11 
 1938       2.965327354841e-11 
 1939       2.958335115155e-11 
 1940       2.951564926343e-11 
 1941       2.945015369137e-11 
 1942       2.938685016175e-11 
 1943       2.932572431998e-11 
 1944       2.926676173034e-11 
 1945       2.920994787584e-11 
 1946       2.915526815817e-11 
 1947       2.910270789755e-11 
 1948       2.905225233261e-11 
 1949       2.900388662028e-11 
 1950       2.895759583570e-11 
 1951       2.891336497208e-11 
 1952       2.887117894059e-11 
 1953       2.883102257024e-11 
 1954       2.879288060780e-11 
 1955       2.875673771764e-11 
 1956       2.872257848165e-11 
 1957       2.869038739910e-11 
 1958       2.866014888656e-11 
 1959       2.863184727774e-11 
 1960       2.860546682343e-11 
 1961       2.858099169132e-11 
 1962       2.855840596596e-11 
 1963       2.853769364858e-11 
 1964       2.851883865704e-11 
 1965       2.850182482564e-11 
 1966       2.848663590507e-11 
 1967       2.847325556227e-11 
 1968       2.846166738032e-11 
 1969       2.845185485832e-11 
 1970       2.844379866369e-11 
 1971       2.843746836688e-11 
 1972       2.843283064506e-11 
 1973       2.842985202385e-11 
 1974       2.842849887723e-11 
 1975       2.842873742723e-11 
 1976       2.843053374383e-11 
 1977       2.843385374470e-11 
 1978       2.843866319501e-11 
 1979       2.844492770725e-11 
 1980       2.845261274102e-11 
 1981       2.846168360283e-11 
 1982       2.847210544591e-11 
 1983       2.848384326998e-11 
 1984       2.849686192110e-11 
 1985       2.851112609144e-11 
 1986       2.852660031908e-11 
 1987       2.854324898782e-11 
 1988       2.856103632698e-11 
 1989       2.857992641120e-11 
 1990       2.859988316024e-11 
 1991       2.862087033878e-11 
 1992       2.864285155624e-11 
 1993       2.866579026653e-11 
 1994       2.868964976792e-11 
 1995       2.871439320278e-11 
 1996       2.873998355743e-11 
 1997       2.876638366190e-11 
 1998       2.879355618976e-11 
 1999       2.882146365790e-11 
 2000       2.885006842636e-11 
 2001       2.887933269808e-11 
 2002       2.890921851878e-11 
 2003       2.893968777667e-11 
 2004       2.897070220233e-11 
 2005       2.900222336844e-11 
 2006       2.903421268966e-11 
 2007       2.906663142235e-11 
 2008       2.909944066444e-11 
 2009       2.913260254660e-11 
 2010       2.916608381577e-11 
 2011       2.919985227738e-11 
 2012       2.923387560610e-11 
 2013       2.926812134570e-11 
 2014       2.930255690888e-11 
 2015       2.933714957712e-11 
 2016       2.937186650049e-11 
 2017       2.940667469752e-11 
 2018       2.944154105499e-11 
 2019       2.947643232783e-11 
 2020       2.951131513889e-11 
 2021       2.954615597884e-11 
 2022       2.958092120593e-11 
 2023       2.961557704591e-11 
 2024       2.965008959180e-11 
 2025       2.968442480378e-11 
 2026       2.971854850898e-11 
 2027       2.975242640133e-11 
 2028       2.978602404143e-11 
 2029       2.981930685634e-11 
 2030       2.985224013943e-11 
 2031       2.988478905023e-11 
 2032       2.991691861427e-11 
 2033       2.994859372289e-11 
 2034       2.997977913310e-11 
 2035       3.001043946739e-11 
 2036       3.004053921361e-11 
 2037       3.007004272476e-11 
 2038       3.009891421886e-11 
 2039       3.012711777878e-11 
 2040       3.015461735204e-11 
 2041       3.018137675071e-11 
 2042       3.020735965119e-11 
 2043       3.023252959409e-11 
 2044       3.025684998403e-11 
 2045       3.028028408949e-11 
 2046       3.030279504267e-11 
 2047       3.032434583927e-11 
 2048       3.034490318480e-11 
 2049       3.036444906352e-11 
 2050       3.038296925183e-11 
 2051       3.040044947932e-11 
 2052       3.041687542870e-11 
 2053       3.043223273576e-11 
 2054       3.044650698933e-11 
 2055       3.045968373119e-11 
 2056       3.047174845604e-11 
 2057       3.048268661146e-11 
 2058       3.049248359781e-11 
 2059       3.050112476824e-11 
 2060       3.050859542858e-11 
 2061       3.051488083732e-11 
 2062       3.051996620554e-11 
 2063       3.052383669686e-11 
 2064       3.052647742740e-11 
 2065       3.052787346571e-11 
 2066       3.052800983271e-11 
 2067       3.052687150167e-11 
 2068       3.052444339811e-11 
 2069       3.052071039979e-11 
 2070       3.051565733662e-11 
 2071       3.050926899065e-11 
 2072       3.050153009596e-11 
 2073       3.049242533866e-11 
 2074       3.048193935681e-11 
 2075       3.047005674034e-11 
 2076       3.045676203107e-11 
 2077       3.044203972258e-11 
 2078       3.042587426021e-11 
 2079       3.040825004097e-11 
 2080       3.038915141352e-11 
 2081       3.036856267806e-11 
 2082       3.034646808637e-11 
 2083       3.032285184165e-11 
 2084       3.029769809855e-11 
 2085       3.027099096307e-11 
 2086       3.024271449252e-11 
 2087       3.021285675097e-11 
 2088       3.018142200673e-11 
 2089       3.014841862031e-11 
 2090       3.011385499674e-11 
 2091       3.007773958564e-11 
 2092       3.004008088126e-11 
 2093       3.000088742258e-11 
 2094       2.996016779331e-11 
 2095       2.991793062199e-11 
 2096       2.987418458204e-11 
 2097       2.982893839181e-11 
 2098       2.978220081464e-11 
 2099       2.973398065892e-11 
 2100       2.968428677815e-11 
 2101       2.963312807099e-11 
 2102       2.958051348134e-11 
 2103       2.952645199837e-11 
 2104       2.947095265659e-11 
 2105       2.941402453591e-11 
 2106       2.935567676170e-11 
 2107       2.929591850485e-11 
 2108       2.923475898181e-11 
 2109       2.917220745467e-11 
 2110       2.910827323121e-11 
 2111       2.904296566496e-11 
 2112       2.897629415525e-11 
 2113       2.890826814726e-11 
 2114       2.883889713213e-11 
 2115       2.876819064694e-11 
 2116       2.869615827483e-11 
 2117       2.862280964504e-11 
 2118       2.854815443294e-11 
 2119       2.847220236015e-11 
 2120       2.839496319451e-11 
 2121       2.831644675025e-11 
 2122       2.823666288793e-11 
 2123       2.815562151460e-11 
 2124       2.807333258378e-11 
 2125       2.798980609557e-11 
 2126       2.790505421313e-11 
 2127       2.781909762802e-11 
 2128       2.773195923881e-11 
 2129       2.764366203872e-11 
 2130       2.755422911575e-11 
 2131       2.746368365280e-11 
 2132       2.737204892772e-11 
 2133       2.727934831354e-11 
 2134       2.718560527846e-11 
 2135       2.709084338606e-11 
 2136       2.699508629536e-11 
 2137       2.689835776095e-11 
 2138       2.680068163312e-11 
 2139       2.670208185794e-11 
 2140       2.660258247742e-11 
 2141       2.650220762957e-11 
 2142       2.640098154855e-11 
 2143       2.629892856480e-11 
 2144       2.619607310510e-11 
 2145       2.609243969273e-11 
 2146       2.598805294757e-11 
 2147       2.588293758621e-11 
 2148       2.577711842208e-11 
 2149       2.567062036553e-11 
 2150       2.556346842399e-11 
 2151       2.545568770204e-11 
 2152       2.534730340157e-11 
 2153       2.523834082185e-11 
 2154       2.512882535966e-11 
 2155       2.501878250944e-11 
 2156       2.490823786334e-11 
 2157       2.479721711138e-11 
 2158       2.468574604155e-11 
 2159       2.457385053993e-11 
 2160       2.446155659078e-11 
 2161       2.434889027670e-11 
 2162       2.423587777871e-11 
 2163       2.412254537636e-11 
 2164       2.400891944788e-11 
 2165       2.389502589750e-11 
 2166       2.378088843312e-11 
 2167       2.366653027727e-11 
 2168       2.355197473883e-11 
 2169       2.343724521321e-11 
 2170       2.332236518240e-11 
 2171       2.320735821509e-11 
 2172       2.309224796676e-11 
 2173       2.297705817978e-11 
 2174       2.286181268353e-11 
 2175       2.274653539447e-11 
 2176       2.263125031624e-11 
 2177       2.251598153979e-11 
 2178       2.240075324346e-11 
 2179       2.228558969307e-11 
 2180       2.217051524205e-11 
 2181       2.205555433150e-11 
 2182       2.194073149033e-11 
 2183       2.182607133531e-11 
 2184       2.171159857124e-11 
 2185       2.159733799097e-11 
 2186       2.148331447557e-11 
 2187       2.136955299437e-11 
 2188       2.125607860511e-11 
 2189       2.114291645401e-11 
 2190       2.103009177588e-11 
 2191       2.091762989421e-11 
 2192       2.080555622128e-11 
 2193       2.069389625826e-11 
 2194       2.058267559529e-11 
 2195       2.047191991162e-11 
 2196       2.036165497567e-11 
 2197       2.025190664515e-11 
 2198       2.014270086715e-11 
 2199       2.003406367824e-11 
 2200       1.992602120458e-11 
 2201       1.981859966202e-11 
 2202       1.971182535617e-11 
 2203       1.960572468256e-11 
 2204       1.950032163192e-11 
 2205       1.939563028803e-11 
 2206       1.929166228030e-11 
 2207       1.918842927396e-11 
 2208       1.908594297017e-11 
 2209       1.898421510602e-11 
 2210       1.888325745459e-11 
 2211       1.878308182495e-11 
 2212       1.868370006224e-11 
 2213       1.858512404770e-11 
 2214       1.848736569867e-11 
 2215       1.839043696869e-11 
 2216       1.829434984749e-11 
 2217       1.819911636103e-11 
 2218       1.810474857157e-11 
 2219       1.801125857768e-11 
 2220       1.791865851430e-11 
 2221       1.782696055275e-11 
 2222       1.773617690080e-11 
 2223       1.764631980266e-11 
 2224       1.755740153909e-11 
 2225       1.746943442737e-11 
 2226       1.738243082137e-11 
 2227       1.729640311160e-11 
 2228       1.721136372520e-11 
 2229       1.712732512605e-11 
 2230       1.704429981473e-11 
 2231       1.696230032861e-11 
 2232       1.688133924189e-11 
 2233       1.680142916559e-11 
 2234       1.672258274765e-11 
 2235       1.664481267292e-11 
 2236       1.656813166322e-11 
 2237       1.649255247738e-11 
 2238       1.641808791125e-11 
 2239       1.634475079780e-11 
 2240       1.627255400708e-11 
 2241       1.620151044631e-11 
 2242       1.613163305990e-11 
 2243       1.606293204617e-11 
 2244       1.599540648745e-11 
 2245       1.592905266542e-11 
 2246       1.586386683946e-11 
 2247       1.579984524658e-11 
 2248       1.573698410146e-11 
 2249       1.567527959637e-11 
 2250       1.561472790114e-11 
 2251       1.555532516318e-11 
 2252       1.549706750739e-11 
 2253       1.543995103619e-11 
 2254       1.538397182944e-11 
 2255       1.532912594444e-11 
 2256       1.527540941591e-11 
 2257       1.522281825594e-11 
 2258       1.517134845395e-11 
 2259       1.512099597673e-11 
 2260       1.507175676831e-11 
 2261       1.502362675002e-11 
 2262       1.497660182042e-11 
 2263       1.493067785526e-11 
 2264       1.488585070750e-11 
 2265       1.484211620723e-11 
 2266       1.479947016167e-11 
 2267       1.475790835513e-11 
 2268       1.471742654900e-11 
 2269       1.467802048170e-11 
 2270       1.463968586865e-11 
 2271       1.460241840227e-11 
 2272       1.456621375193e-11 
 2273       1.453106756392e-11 
 2274       1.449697546142e-11 
 2275       1.446393304449e-11 
 2276       1.443193589003e-11 
 2277       1.440097955174e-11 
 2278       1.437105956013e-11 
 2279       1.434217142243e-11 
 2280       1.431431062261e-11 
 2281       1.428747262136e-11 
 2282       1.426165125669e-11 
 2283       1.423683393473e-11 
 2284       1.421300640804e-11 
 2285       1.419015437209e-11 
 2286       1.416826346517e-11 
 2287       1.414731926831e-11 
 2288       1.412730730528e-11 
 2289       1.410821304245e-11 
 2290       1.409002188877e-11 
 2291       1.407271919569e-11 
 2292       1.405629025709e-11 
 2293       1.404072030924e-11 
 2294       1.402599453069e-11 
 2295       1.401209804226e-11 
 2296       1.399901590693e-11 
 2297       1.398673312979e-11 
 2298       1.397523465799e-11 
 2299       1.396450538064e-11 
 2300       1.395453012878e-11 
 2301       1.394529367530e-11 
 2302       1.393678073487e-11 
 2303       1.392897596389e-11 
 2304       1.392186396040e-11 
 2305       1.391542926404e-11 
 2306       1.390965635597e-11 
 2307       1.390452965882e-11 
 2308       1.390003353661e-11 
 2309       1.389615229467e-11 
 2310       1.389287017962e-11 
 2311       1.389017137926e-11 
 2312       1.388804002255e-11 
 2313       1.388646017948e-11 
 2314       1.388541586109e-11 
 2315       1.388489101931e-11 
 2316       1.388486954697e-11 
 2317       1.388533527771e-11 
 2318       1.388627198591e-11 
 2319       1.388766338662e-11 
 2320       1.388949313550e-11 
 2321       1.389174499393e-11 
 2322       1.389440332553e-11 
 2323       1.389745260262e-11 
 2324       1.390087724130e-11 
 2325       1.390466160140e-11 
 2326       1.390878998636e-11 
 2327       1.391324664324e-11 
 2328       1.391801576260e-11 
 2329       1.392308147850e-11 
 2330       1.392842786838e-11 
 2331       1.393403895301e-11 
 2332       1.393989869648e-11 
 2333       1.394599100605e-11 
 2334       1.395229973219e-11 
 2335       1.395880866842e-11 
 2336       1.396550155132e-11 
 2337       1.397236206044e-11 
 2338       1.397937381824e-11 
 2339       1.398652039003e-11 
 2340       1.399378528390e-11 
 2341       1.400115195067e-11 
 2342       1.400860378385e-11 
 2343       1.401612411953e-11 
 2344       1.402369623634e-11 
 2345       1.403130335541e-11 
 2346       1.403892864026e-11 
 2347       1.404655519681e-11 
 2348       1.405416607324e-11 
 2349       1.406174425999e-11 
 2350       1.406927268965e-11 
 2351       1.407673423695e-11 
 2352       1.408411171865e-11 
 2353       1.409138789350e-11 
 2354       1.409854546219e-11 
 2355       1.410556706728e-11 
 2356       1.411243529311e-11 
 2357       1.411913266579e-11 
 2358       1.412564165309e-11 
 2359       1.413194466442e-11 
 2360       1.413802560537e-11 
 2361       1.414387455207e-11 
 2362       1.414948310572e-11 
 2363       1.415484284056e-11 
 2364       1.415994530385e-11 
 2365       1.416478201583e-11 
 2366       1.416934446969e-11 
 2367       1.417362413156e-11 
 2368       1.417761244047e-11 
 2369       1.418130080830e-11 
 2370       1.418468061981e-11 
 2371       1.418774323256e-11 
 2372       1.419047997689e-11 
 2373       1.419288215592e-11 
 2374       1.419494104550e-11 
 2375       1.419664789416e-11 
 2376       1.419799392313e-11 
 2377       1.419897032629e-11 
 2378       1.419956827013e-11 
 2379       1.419977889374e-11 
 2380       1.419959330878e-11 
 2381       1.419900259943e-11 
 2382       1.419799782239e-11 
 2383       1.419657000684e-11 
 2384       1.419471015441e-11 
 2385       1.419240923916e-11 
 2386       1.418965820755e-11 
 2387       1.418644797839e-11 
 2388       1.418276944285e-11 
 2389       1.417861346441e-11 
 2390       1.417397087882e-11 
 2391       1.416883249411e-11 
 2392       1.416318909052e-11 
 2393       1.415703142050e-11 
 2394       1.415035020866e-11 
 2395       1.414313615179e-11 
 2396       1.413537991875e-11 
 2397       1.412707215051e-11 
 2398       1.411820346012e-11 
 2399       1.410876613619e-11 
 2400       1.409875926493e-11 
 2401       1.408818363936e-11 
 2402       1.407704005856e-11 
 2403       1.406532932774e-11 
 2404       1.405305225815e-11 
 2405       1.404020966721e-11 
 2406       1.402680237841e-11 
 2407       1.401283122137e-11 
 2408       1.399829703185e-11 
 2409       1.398320065175e-11 
 2410       1.396754292909e-11 
 2411       1.395132471806e-11 
 2412       1.393454687900e-11 
 2413       1.391721027843e-11 
 2414       1.389931578903e-11 
 2415       1.388086428966e-11 
 2416       1.386185666539e-11 
 2417       1.384229380745e-11 
 2418       1.382217661331e-11 
 2419       1.380150598663e-11 
 2420       1.378028283729e-11 
 2421       1.375850808141e-11 
 2422       1.373618264133e-11 
 2423       1.371330744564e-11 
 2424       1.368988342917e-11 
 2425       1.366591153302e-11 
 2426       1.364139270453e-11 
 2427       1.361632789735e-11 
 2428       1.359071807136e-11 
 2429       1.356456419276e-11 
 2430       1.353786723404e-11 
 2431       1.351062817399e-11 
 2432       1.348284799769e-11 
 2433       1.345452769657e-11 
 2434       1.342566826836e-11 
 2435       1.339627071712e-11 
 2436       1.336633605326e-11 
 2437       1.333586529354e-11 
 2438       1.330486106531e-11 
 2439       1.327333242991e-11 
 2440       1.324129008825e-11 
 2441       1.320874477924e-11 
 2442       1.317570727987e-11 
 2443       1.314218840519e-11 
 2444       1.310819900838e-11 
 2445       1.307374998079e-11 
 2446       1.303885225198e-11 
 2447       1.300351678975e-11 
 2448       1.296775460019e-11 
 2449       1.293157672772e-11 
 2450       1.289499425511e-11 
 2451       1.285801830356e-11 
 2452       1.282066003268e-11 
 2453       1.278293064060e-11 
 2454       1.274484136396e-11 
 2455       1.270640347796e-11 
 2456       1.266762829642e-11 
 2457       1.262852717180e-11 
 2458       1.258911149523e-11 
 2459       1.254939269658e-11 
 2460       1.250938224448e-11 
 2461       1.246909164636e-11 
 2462       1.242853244852e-11 
 2463       1.238771623609e-11 
 2464       1.234665463319e-11 
 2465       1.230535930285e-11 
 2466       1.226384194712e-11 
 2467       1.222211430712e-11 
 2468       1.218018816302e-11 
 2469       1.213807533412e-11 
 2470       1.209578767889e-11 
 2471       1.205333709500e-11 
 2472       1.201073551938e-11 
 2473       1.196799492821e-11 
 2474       1.192512733701e-11 
 2475       1.188214480067e-11 
 2476       1.183905941348e-11 
 2477       1.179588000224e-11 
 2478       1.175260218423e-11 
 2479       1.170921825057e-11 
 2480       1.166572046776e-11 
 2481       1.162210107768e-11 
 2482       1.157835229751e-11 
 2483       1.153446631980e-11 
 2484       1.149043531235e-11 
 2485       1.144625141824e-11 
 2486       1.140190675578e-11 
 2487       1.135739341852e-11 
 2488       1.131270347517e-11 
 2489       1.126782896963e-11 
 2490       1.122276192093e-11 
 2491       1.117749432321e-11 
 2492       1.113201814573e-11 
 2493       1.108632533279e-11 
 2494       1.104040780373e-11 
 2495       1.099425745293e-11 
 2496       1.094786614975e-11 
 2497       1.090122573851e-11 
 2498       1.085432803849e-11 
 2499       1.080716484388e-11 
 2500       1.075972792376e-11 
