2	1.1508076135107622e-10
3	1.136174356506138e-10
4	1.1083354328823124e-10
5	1.0840515446546925e-10
6	1.0665931581418713e-10
7	1.0548740853538322e-10
8	1.0490787717325859e-10
9	1.046914615732855e-10
10	1.0499897252439624e-10
11	1.0551471319555549e-10
12	1.0612136989149052e-10
13	1.0696158159836153e-10
14	1.0815613186236133e-10
15	1.0925263884672672e-10
16	1.105358945532463e-10
17	1.1188832137544598e-10
18	1.1329356768757636e-10
19	1.1467212400896462e-10
20	1.1623141305255012e-10
21	1.1770593533908456e-10
22	1.1905661777039868e-10
23	1.205759408648814e-10
24	1.2220924173969533e-10
25	1.2392139430469708e-10
26	1.2537858675738821e-10
27	1.2712264173708047e-10
28	1.2876257798149877e-10
29	1.3022467168132828e-10
30	1.3195280333244918e-10
31	1.3359061733663905e-10
32	1.352364436063886e-10
33	1.3691720503423087e-10
34	1.3842887087344794e-10
35	1.4017700154834283e-10
36	1.4192411614162372e-10
37	1.4349990029916819e-10
38	1.4528834695297905e-10
39	1.469347609530513e-10
40	1.4849377382908736e-10
41	1.5039653910012739e-10
42	1.520878503297887e-10
43	1.5363954927351458e-10
44	1.5533207131526426e-10
45	1.5709663812374458e-10
46	1.5898472413654375e-10
47	1.607535897347142e-10
48	1.6247198271670152e-10
49	1.6431303706416777e-10
50	1.6619020496757334e-10
51	1.6776949321004056e-10
52	1.6950531914265454e-10
53	1.714251802830835e-10
54	1.7341587709635638e-10
55	1.749832590721913e-10
56	1.769194116757749e-10
57	1.7899939428821203e-10
58	1.8086592007406892e-10
59	1.8257453684009541e-10
60	1.8480503844630103e-10
61	1.865518467724378e-10
62	1.885351912386032e-10
63	1.9068127786220477e-10
64	1.9273232251405395e-10
65	1.9466415426502129e-10
66	1.9664491914955512e-10
67	1.990126702636028e-10
68	2.011304125419563e-10
69	2.0316916080375585e-10
70	2.0537974913492249e-10
71	2.076000876841543e-10
72	2.0943355456576736e-10
73	2.1174900569479644e-10
74	2.142911931012158e-10
75	2.1638004692938456e-10
76	2.1872111075833515e-10
77	2.2082473277126484e-10
78	2.2342380953963956e-10
79	2.2586663039536945e-10
80	2.284388340928136e-10
81	2.3045096785415036e-10
82	2.3332286270309286e-10
83	2.3565748164993884e-10
84	2.379545399113647e-10
85	2.409017993423135e-10
86	2.432121485905634e-10
87	2.4614720737038405e-10
88	2.486764242557058e-10
89	2.511972435221535e-10
90	2.5400581215896873e-10
91	2.56445685733826e-10
92	2.5951184111323155e-10
93	2.6223168508827195e-10
94	2.6501066783924334e-10
95	2.6788781131545975e-10
96	2.704901614605512e-10
97	2.7338565765509173e-10
98	2.765813492614633e-10
99	2.796774212309195e-10
100	2.8259643307271966e-10
101	2.8530717174902437e-10
102	2.8832800000985923e-10
103	2.9147105135940635e-10
104	2.946171890557323e-10
105	2.978003315607455e-10
106	3.005959820092954e-10
107	3.036822475829005e-10
108	3.0681706705181627e-10
109	3.104794727641094e-10
110	3.1331444386905067e-10
111	3.1649554079760857e-10
112	3.197751178018725e-10
113	3.232993924360496e-10
114	3.265655353834318e-10
115	3.298178221447338e-10
116	3.3305563871154166e-10
117	3.363150756013279e-10
118	3.394152227442663e-10
119	3.4300700903716136e-10
120	3.466302959130038e-10
121	3.49737226139309e-10
122	3.5288832430820574e-10
123	3.563275178417535e-10
124	3.6022676705207e-10
125	3.6340871985910144e-10
126	3.665878702073668e-10
127	3.7041872274099245e-10
128	3.7364058769036657e-10
129	3.774546331351975e-10
130	3.8072557943976933e-10
131	3.8431082356314234e-10
132	3.87764181372335e-10
133	3.911783434012517e-10
134	3.939462994304208e-10
135	3.973294871328716e-10
136	4.012873899888213e-10
137	4.0435544184245847e-10
138	4.0826934481105396e-10
139	4.110146649276538e-10
140	4.144795316343645e-10
141	4.1775418319566686e-10
142	4.215025100512936e-10
143	4.2485484051084264e-10
144	4.2806602962341475e-10
145	4.3154065781380143e-10
146	4.3509839803651614e-10
147	4.379549299959309e-10
148	4.4112311279077284e-10
149	4.4484403212570156e-10
150	4.4745198910627427e-10
151	4.5097077294158393e-10
152	4.5429266654409936e-10
153	4.5721861556698514e-10
154	4.604520566307751e-10
155	4.6354581028315893e-10
156	4.661918466678407e-10
157	4.701200287428945e-10
158	4.726119116752707e-10
159	4.758913494943234e-10
160	4.785024830941407e-10
161	4.816039572029331e-10
162	4.840796682874504e-10
163	4.874100537174503e-10
164	4.897599382234646e-10
165	4.924024304371503e-10
166	4.956476387361611e-10
167	4.977392957972303e-10
168	5.011612767297623e-10
169	5.037043269736684e-10
170	5.056994734286015e-10
171	5.079882723101741e-10
172	5.109795558907632e-10
173	5.128557863057868e-10
174	5.161336099131335e-10
175	5.175297458167775e-10
176	5.205330351186952e-10
177	5.227445341093523e-10
178	5.243411174493747e-10
179	5.265815558800928e-10
180	5.286255715884965e-10
181	5.307747934279841e-10
182	5.325481871184832e-10
183	5.345445637291084e-10
184	5.363455435424748e-10
185	5.381303298164921e-10
186	5.392211641229856e-10
187	5.409388059247884e-10
188	5.424521264915366e-10
189	5.446688162293538e-10
190	5.455478949402072e-10
191	5.469832532346206e-10
192	5.48617179899853e-10
193	5.497294500656168e-10
194	5.515488068965047e-10
195	5.520285478417554e-10
196	5.529609269820425e-10
197	5.54339443479096e-10
198	5.554288820625563e-10
199	5.556421887687282e-10
200	5.573741909596304e-10
201	5.574969342886211e-10
202	5.587591764795387e-10
203	5.585040859081091e-10
204	5.588354340565796e-10
205	5.592402436306732e-10
206	5.601803064105531e-10
207	5.607243017975831e-10
208	5.605198549503354e-10
209	5.604558215751043e-10
210	5.605107821044871e-10
211	5.605226871973377e-10
212	5.614924297056522e-10
213	5.608221682006377e-10
214	5.612544339855177e-10
215	5.606070949595499e-10
216	5.603863677383778e-10
217	5.598532103146278e-10
218	5.598722292665894e-10
219	5.590593093920399e-10
220	5.57950313114625e-10
221	5.570355973543221e-10
222	5.567379184964085e-10
223	5.565350553659278e-10
224	5.549196989349484e-10
225	5.542998101762349e-10
226	5.536388826583599e-10
227	5.520109092852207e-10
228	5.515424816445546e-10
229	5.498293634664157e-10
230	5.481300599767239e-10
231	5.467332650367533e-10
232	5.459109717596744e-10
233	5.44430412584674e-10
234	5.432412148535042e-10
235	5.410548932776174e-10
236	5.396660968416022e-10
237	5.380615621905016e-10
238	5.35674370983843e-10
239	5.340325865331784e-10
240	5.318615304873962e-10
241	5.302911019772079e-10
242	5.28154118467436e-10
243	5.2650659343548e-10
244	5.243677007342232e-10
245	5.217978417140945e-10
246	5.196818059740559e-10
247	5.179157594348046e-10
248	5.153232746679061e-10
249	5.12513842292245e-10
250	5.105164860124843e-10
251	5.081154399843599e-10
252	5.051472478281369e-10
253	5.026087239810151e-10
254	4.999195914328962e-10
255	4.974997106012772e-10
256	4.944336949629467e-10
257	4.920728146716523e-10
258	4.892181616943084e-10
259	4.864637239523014e-10
260	4.827819557468812e-10
261	4.801598733310885e-10
262	4.772122944226546e-10
263	4.73663673002083e-10
264	4.71303935855916e-10
265	4.676460484416027e-10
266	4.644327835182623e-10
267	4.620873012216289e-10
268	4.585756753946734e-10
269	4.55148795848144e-10
270	4.519333419098437e-10
271	4.4836789760989856e-10
272	4.4511408194671545e-10
273	4.422489657468731e-10
274	4.3884582199686164e-10
275	4.355663138384451e-10
276	4.319362349071449e-10
277	4.283655098894535e-10
278	4.247178166338081e-10
279	4.2142894488931296e-10
280	4.180713272332302e-10
281	4.1424032628352184e-10
282	4.1114992604639206e-10
283	4.074725120631151e-10
284	4.042064444421204e-10
285	4.006135587839772e-10
286	3.9714001566450014e-10
287	3.936171008652911e-10
288	3.8950009429478795e-10
289	3.8641815046057176e-10
290	3.8285061471188687e-10
291	3.788422256800447e-10
292	3.75376589695917e-10
293	3.7160618986134065e-10
294	3.679235913152287e-10
295	3.6458510436615005e-10
296	3.6082184756025324e-10
297	3.574528371096079e-10
298	3.5432552425456854e-10
299	3.5029911054921126e-10
300	3.465806591775131e-10
301	3.431374537966029e-10
302	3.401562847614846e-10
303	3.3619419361302943e-10
304	3.3265878020626215e-10
305	3.296094764293364e-10
306	3.257397949655486e-10
307	3.22636265261625e-10
308	3.1930103544514227e-10
309	3.156469065399036e-10
310	3.123138854207708e-10
311	3.086710964879031e-10
312	3.0523790935778154e-10
313	3.020790496159616e-10
314	2.991213548063102e-10
315	2.95712250930238e-10
316	2.923031580585621e-10
317	2.8906444628567766e-10
318	2.8595070649290965e-10
319	2.8299671450041724e-10
320	2.7941248048122344e-10
321	2.764073785406494e-10
322	2.7337829020541353e-10
323	2.7059867513436476e-10
324	2.674956461246651e-10
325	2.6422684460305255e-10
326	2.615499659268596e-10
327	2.583742420365583e-10
328	2.556917613031043e-10
329	2.526279405123133e-10
330	2.498238482602993e-10
331	2.4725561354457255e-10
332	2.44541395960803e-10
333	2.418308472916419e-10
334	2.3938794660748933e-10
335	2.3686631588310785e-10
336	2.33916706264762e-10
337	2.314102711293302e-10
338	2.2914446853376276e-10
339	2.2688335278714592e-10
340	2.2461567711201434e-10
341	2.2223535758011616e-10
342	2.1966833079831742e-10
343	2.1741253437960562e-10
344	2.1551314857921254e-10
345	2.134122883505166e-10
346	2.1116606258138694e-10
347	2.093584554585191e-10
348	2.0717052263848536e-10
349	2.0508791687800303e-10
350	2.0326058510790072e-10
351	2.0148970555623755e-10
352	1.9985779782783226e-10
353	1.97907697158859e-10
354	1.964296922469653e-10
355	1.9474329122754354e-10
356	1.9291763322027245e-10
357	1.9146638289715725e-10
358	1.8995456403099885e-10
359	1.88473397669133e-10
360	1.8725077265818258e-10
361	1.8577987236034216e-10
362	1.8443352314874602e-10
363	1.8309957698236544e-10
364	1.81832214124629e-10
365	1.8084841428917226e-10
366	1.7978662312360676e-10
367	1.7872173834662852e-10
368	1.777155929526495e-10
369	1.7670153152034893e-10
370	1.7583243629910692e-10
371	1.7510258802484185e-10
372	1.7424622693750283e-10
373	1.7333531825431217e-10
374	1.7269489427753196e-10
375	1.7194650086563304e-10
376	1.7153987143725775e-10
377	1.7098545710526964e-10
378	1.703749741026422e-10
379	1.6977538845604792e-10
380	1.6952902572397288e-10
381	1.6915843546115008e-10
382	1.6863474180999954e-10
383	1.6841661607604944e-10
384	1.6829617242984225e-10
385	1.6786390814421835e-10
386	1.6778497625061077e-10
387	1.676915827806746e-10
388	1.678349567800662e-10
389	1.6750722905838881e-10
390	1.6765483781024983e-10
391	1.6778048090782491e-10
392	1.6769933024785504e-10
393	1.6799919146232476e-10
394	1.6817758307263875e-10
395	1.6838212517685876e-10
396	1.6854139682129018e-10
397	1.6886104413042879e-10
398	1.6930338293542857e-10
399	1.6967289454787499e-10
400	1.699254257864608e-10
401	1.7042909037503783e-10
402	1.7102713096551723e-10
403	1.7133767842515335e-10
404	1.71909705606012e-10
405	1.7260236278581011e-10
406	1.7302170725158667e-10
407	1.7385842149459455e-10
408	1.745498504370756e-10
409	1.7528042612337307e-10
410	1.7601470359035725e-10
411	1.7658969719153233e-10
412	1.7722345821140806e-10
413	1.7807345790871853e-10
414	1.7892439920024693e-10
415	1.799120875753408e-10
416	1.804910859961143e-10
417	1.8159872493345046e-10
418	1.8223953736834368e-10
419	1.8334621789736368e-10
420	1.8407251412862869e-10
421	1.8503409904898595e-10
422	1.860087477383251e-10
423	1.8711637173177652e-10
424	1.8814325798632442e-10
425	1.8911370579459421e-10
426	1.9010224327515326e-10
427	1.911688201388005e-10
428	1.9248237797845156e-10
429	1.935782455792872e-10
430	1.9453945466306644e-10
431	1.9548481500124956e-10
432	1.9673164186153057e-10
433	1.9800671617970777e-10
434	1.9889356711970838e-10
435	2.001399600922629e-10
436	2.012338559704211e-10
437	2.0230836240438802e-10
438	2.0357174228330854e-10
439	2.048633879767795e-10
440	2.0591346800512534e-10
441	2.0718726678078718e-10
442	2.0832285398016875e-10
443	2.0940899070666647e-10
444	2.1068200265930593e-10
445	2.116793858659544e-10
446	2.1309790513665607e-10
447	2.1411318297180393e-10
448	2.1520098768024146e-10
449	2.1653480157092383e-10
450	2.1748253226154132e-10
451	2.18603893975752e-10
452	2.1964692816844566e-10
453	2.2103222129873842e-10
454	2.2188332946918712e-10
455	2.2288488580724492e-10
456	2.2389909585108313e-10
457	2.2523547345951088e-10
458	2.262487056625518e-10
459	2.2727240521389662e-10
460	2.2843204679833149e-10
461	2.2935708157061058e-10
462	2.305920117594618e-10
463	2.3139916393571398e-10
464	2.3218706385007686e-10
465	2.334626987961265e-10
466	2.3423738685570427e-10
467	2.3538916065781666e-10
468	2.3610200070498423e-10
469	2.371411195224011e-10
470	2.3797075738917426e-10
471	2.3885714245790434e-10
472	2.39950466815642e-10
473	2.4083216761274515e-10
474	2.416785825007976e-10
475	2.4211347142893037e-10
476	2.430268545237278e-10
477	2.4406890347018126e-10
478	2.44741601604782e-10
479	2.4556420725159643e-10
480	2.463606139215183e-10
481	2.470066473020064e-10
482	2.4765315146898673e-10
483	2.484318791810973e-10
484	2.490098320312703e-10
485	2.492470912226634e-10
486	2.5011543864379997e-10
487	2.508247519989268e-10
488	2.513624157240868e-10
489	2.516415088988057e-10
490	2.5207665355591833e-10
491	2.5241441634493207e-10
492	2.5288831952750064e-10
493	2.536302871976172e-10
494	2.539150554434753e-10
495	2.5405975401782016e-10
496	2.543983374082726e-10
497	2.55019109151469e-10
498	2.5492649462322457e-10
499	2.553249253286755e-10
500	2.558622074890776e-10
501	2.5584664807160673e-10
502	2.559655524766494e-10
503	2.560977136272282e-10
504	2.5621811069577835e-10
505	2.568281997216448e-10
506	2.5675287816648673e-10
507	2.567056869926918e-10
508	2.5690843195084197e-10
509	2.5688301807866055e-10
510	2.567074037291248e-10
511	2.5714906727842723e-10
512	2.568097173969063e-10
513	2.566177422815533e-10
514	2.5687162979456156e-10
515	2.5643940142022275e-10
516	2.566873022324001e-10
517	2.5660805561612773e-10
518	2.5647963869294883e-10
519	2.5597641264718223e-10
520	2.559629614695127e-10
521	2.554541073023697e-10
522	2.5538296585920985e-10
523	2.5539772980249345e-10
524	2.5471263290100215e-10
525	2.5454024897952455e-10
526	2.5440256466263875e-10
527	2.5401911197681255e-10
528	2.537148150201645e-10
529	2.533744071693608e-10
530	2.5298581976773225e-10
531	2.52693520730956e-10
532	2.522349165073695e-10
533	2.5182841570708156e-10
534	2.511969185844737e-10
535	2.510815436430144e-10
536	2.5053258196752113e-10
537	2.4999341191209966e-10
538	2.4933427067543624e-10
539	2.486996700015146e-10
540	2.485540917818451e-10
541	2.4805513486165374e-10
542	2.4743752548683747e-10
543	2.4652324696349343e-10
544	2.461519651811017e-10
545	2.4556427020942675e-10
546	2.4477815572604807e-10
547	2.4440594929003335e-10
548	2.4381142620181676e-10
549	2.4319767796158647e-10
550	2.42368729322222e-10
551	2.4217197113839593e-10
552	2.4117105796932673e-10
553	2.4082322861000577e-10
554	2.3986035607660205e-10
555	2.3964400050254075e-10
556	2.387606135864231e-10
557	2.380419901182943e-10
558	2.3763078749772725e-10
559	2.3703633446190045e-10
560	2.364247317851775e-10
561	2.355360672142718e-10
562	2.348127722899922e-10
563	2.3407636871539553e-10
564	2.3362478645962004e-10
565	2.3316827764829514e-10
566	2.3218704364522425e-10
567	2.3172038514996496e-10
568	2.3105383608098823e-10
569	2.3025173836116147e-10
570	2.2995846378439475e-10
571	2.293432094518615e-10
572	2.2841051276641512e-10
573	2.2780475715482043e-10
574	2.273680938480789e-10
575	2.2657858541124986e-10
576	2.2636906244549327e-10
577	2.2568373961006378e-10
578	2.2487360692530362e-10
579	2.2458338748874477e-10
580	2.240200060832614e-10
581	2.2347496354733797e-10
582	2.227267630948632e-10
583	2.2215549130477276e-10
584	2.216765170909607e-10
585	2.2152719924711726e-10
586	2.210283010417143e-10
587	2.2061371553141314e-10
588	2.1994166952206015e-10
589	2.194492955829346e-10
590	2.191398590291795e-10
591	2.1870779191003504e-10
592	2.183977614097707e-10
593	2.1795105028920864e-10
594	2.1744680328693286e-10
595	2.1707300698784307e-10
596	2.1664634244368553e-10
597	2.1646283959688656e-10
598	2.1597503663557114e-10
599	2.1592339187585922e-10
600	2.153888069406482e-10
601	2.155347289098921e-10
602	2.1497482839681338e-10
603	2.1488638909040846e-10
604	2.1456030165271265e-10
605	2.144989197211503e-10
606	2.1445506278992247e-10
607	2.141491766247667e-10
608	2.1429552649741481e-10
609	2.139323261564869e-10
610	2.1414428673192146e-10
611	2.1408796030396105e-10
612	2.138065040167841e-10
613	2.140223144884167e-10
614	2.1409241266058985e-10
615	2.1388837153968088e-10
616	2.1422107323309376e-10
617	2.141835095987708e-10
618	2.1438326424673082e-10
619	2.1430723423127254e-10
620	2.1474629231850317e-10
621	2.1451134327852448e-10
622	2.147092252028572e-10
623	2.149875417144622e-10
624	2.151691373871445e-10
625	2.1577593865447946e-10
626	2.1571675562238052e-10
627	2.1639032425584306e-10
628	2.1636863010630995e-10
629	2.16851020274072e-10
630	2.1721921739532195e-10
631	2.1772643422436646e-10
632	2.180735397585244e-10
633	2.1866064575197154e-10
634	2.1891353859319938e-10
635	2.1921158411734182e-10
636	2.198852610972649e-10
637	2.205758784653274e-10
638	2.2113051242307417e-10
639	2.215334259971395e-10
640	2.2187519422099716e-10
641	2.2252017146903183e-10
642	2.2313589269244475e-10
643	2.2396903163918804e-10
644	2.2468484474280397e-10
645	2.2536932476875826e-10
646	2.2601028077317803e-10
647	2.2666225514141393e-10
648	2.2719718380168906e-10
649	2.2800281676284769e-10
650	2.2916963388861473e-10
651	2.2993541563689627e-10
652	2.3078871464219705e-10
653	2.3160112109897806e-10
654	2.320888657204275e-10
655	2.3310110365643536e-10
656	2.339289562198174e-10
657	2.3485264589018015e-10
658	2.356270911611153e-10
659	2.366967742908303e-10
660	2.3786864462093615e-10
661	2.3881252672371645e-10
662	2.3968154337785213e-10
663	2.40666674782622e-10
664	2.4167923786926925e-10
665	2.4262738484505517e-10
666	2.4359796121085317e-10
667	2.444934353926935e-10
668	2.458429472215952e-10
669	2.4691032490603257e-10
670	2.478957432194013e-10
671	2.489115043007467e-10
672	2.4995007826111823e-10
673	2.508959710684993e-10
674	2.522100328264107e-10
675	2.533958176035351e-10
676	2.543740706283414e-10
677	2.5560394626761326e-10
678	2.5668868422297683e-10
679	2.5771559735466633e-10
680	2.5885223201640034e-10
681	2.6022697017254784e-10
682	2.6111231322485527e-10
683	2.625079666303155e-10
684	2.634379838326095e-10
685	2.647755994013002e-10
686	2.6546040054997016e-10
687	2.667257874672396e-10
688	2.680145869714652e-10
689	2.694020302223925e-10
690	2.7009533198261597e-10
691	2.714204891254993e-10
692	2.727592155055452e-10
693	2.737208522544765e-10
694	2.7481685352646215e-10
695	2.7617234203396115e-10
696	2.77213194716133e-10
697	2.7830594176977836e-10
698	2.794154053830776e-10
699	2.80636545025707e-10
700	2.815867901245957e-10
701	2.8299344423955313e-10
702	2.8377948716631655e-10
703	2.847076490147943e-10
704	2.859981472023666e-10
705	2.8711667623102157e-10
706	2.8820840344541915e-10
707	2.8953637635466123e-10
708	2.905308686122219e-10
709	2.9136314725137735e-10
710	2.9237206966507215e-10
711	2.9363465482865905e-10
712	2.945122889191232e-10
713	2.954668314553273e-10
714	2.96310164942029e-10
715	2.972945612553057e-10
716	2.9808471678127594e-10
717	2.9908724786690505e-10
718	3.000019090955846e-10
719	3.008246761432538e-10
720	3.0192639867893626e-10
721	3.026131229513889e-10
722	3.03706823202152e-10
723	3.04395929688082e-10
724	3.0538711557054895e-10
725	3.062346724903166e-10
726	3.070054122573305e-10
727	3.075204654422097e-10
728	3.0799284350265135e-10
729	3.087101246100717e-10
730	3.0977210498052406e-10
731	3.1036252021610394e-10
732	3.1095077518846e-10
733	3.1148858279060124e-10
734	3.122151264107669e-10
735	3.1263092426427327e-10
736	3.1293415558752284e-10
737	3.1395085163406273e-10
738	3.143728068331745e-10
739	3.1484982323221567e-10
740	3.1492757696865384e-10
741	3.158495926116321e-10
742	3.162395299116127e-10
743	3.1646656225771123e-10
744	3.1702107055276057e-10
745	3.1729839092699783e-10
746	3.175148542369723e-10
747	3.1759599015049915e-10
748	3.177501722554558e-10
749	3.178035330063122e-10
750	3.1808644613185033e-10
751	3.183019702284857e-10
752	3.1864430588256914e-10
753	3.1867163851002573e-10
754	3.190334672565791e-10
755	3.190942944965381e-10
756	3.1874789096071395e-10
757	3.190440250151636e-10
758	3.187888545412636e-10
759	3.186963520408992e-10
760	3.185329280960931e-10
761	3.1873565817782226e-10
762	3.185175975384642e-10
763	3.181352348676903e-10
764	3.1788617409815573e-10
765	3.1769208854844017e-10
766	3.1751822611671503e-10
767	3.17358055480924e-10
768	3.1681860973952285e-10
769	3.1650724767165137e-10
770	3.162443686625867e-10
771	3.155607305843527e-10
772	3.1532197910908454e-10
773	3.151506374578169e-10
774	3.142681910355919e-10
775	3.1412332165790647e-10
776	3.1339921708012664e-10
777	3.12564335105216e-10
778	3.1198409713234804e-10
779	3.117062386612832e-10
780	3.1071923680865816e-10
781	3.1026671439442687e-10
782	3.0949557186448007e-10
783	3.0851660241919024e-10
784	3.0803598415802894e-10
785	3.0710193659829884e-10
786	3.06126511761929e-10
787	3.052521154714242e-10
788	3.0480295562661206e-10
789	3.0385322007264994e-10
790	3.028641656951622e-10
791	3.0182974010365593e-10
792	3.0073214351762244e-10
793	3.001070645785761e-10
794	2.9872546960190376e-10
795	2.9801851548020044e-10
796	2.9677955975066764e-10
797	2.9548960231795204e-10
798	2.945638897922381e-10
799	2.933761098483004e-10
800	2.924496503745043e-10
801	2.907751227588222e-10
802	2.8954168846666987e-10
803	2.8881545560861743e-10
804	2.873420278950691e-10
805	2.8595415177485653e-10
806	2.8454955088245357e-10
807	2.8346544900029593e-10
808	2.820722548518237e-10
809	2.8073827858193883e-10
810	2.791768907916132e-10
811	2.782023055919054e-10
812	2.76405972924203e-10
813	2.753675825975504e-10
814	2.7388584920036387e-10
815	2.7209621805741093e-10
816	2.707491490538887e-10
817	2.694733277366198e-10
818	2.6785784190888096e-10
819	2.661617016372396e-10
820	2.650806363198141e-10
821	2.6321741797378535e-10
822	2.618470730896342e-10
823	2.6008018719643015e-10
824	2.585234103601207e-10
825	2.5717622986536053e-10
826	2.5523013099424495e-10
827	2.5374103200099533e-10
828	2.5233966144240236e-10
829	2.5038505105438456e-10
830	2.4884230160998e-10
831	2.471606753641903e-10
832	2.4557092222889195e-10
833	2.440234162061487e-10
834	2.4254750801038586e-10
835	2.40617667267694e-10
836	2.391339293973168e-10
837	2.371758183422026e-10
838	2.3576554386660143e-10
839	2.3381925163792524e-10
840	2.3221994233701055e-10
841	2.3044242275926239e-10
842	2.2888865284300323e-10
843	2.2694909978076726e-10
844	2.2524670946288193e-10
845	2.2384629240215806e-10
846	2.2188442530572379e-10
847	2.2022957701885414e-10
848	2.1882105857231433e-10
849	2.1704884236670473e-10
850	2.1535690752323563e-10
851	2.1380295740399428e-10
852	2.1194022191293198e-10
853	2.1007006275996325e-10
854	2.0842473943482576e-10
855	2.069401305410387e-10
856	2.0519140855350677e-10
857	2.0349523125458868e-10
858	2.0174334492980075e-10
859	2.001109570532141e-10
860	1.9846193574624581e-10
861	1.9701025796563523e-10
862	1.953342280880666e-10
863	1.9375076445447697e-10
864	1.9182659883495897e-10
865	1.9020984279140178e-10
866	1.8895728934608634e-10
867	1.8705114623166937e-10
868	1.856410688395115e-10
869	1.8386110052417912e-10
870	1.823663366503895e-10
871	1.808186775022951e-10
872	1.793630494865295e-10
873	1.7798628207332375e-10
874	1.7650021104500417e-10
875	1.7491258460567905e-10
876	1.7345429157091156e-10
877	1.7193408696681706e-10
878	1.7040726399956465e-10
879	1.6899023034488892e-10
880	1.674461765596805e-10
881	1.6632904446801905e-10
882	1.6465333293962915e-10
883	1.6346317932792095e-10
884	1.6203733383743648e-10
885	1.6066419789962595e-10
886	1.5931575959303764e-10
887	1.5812467160694805e-10
888	1.567122098741309e-10
889	1.5548921013992083e-10
890	1.5447227020308945e-10
891	1.5320764933939896e-10
892	1.5196694637206592e-10
893	1.5062068517126112e-10
894	1.4942687104507726e-10
895	1.4846289538329238e-10
896	1.471908710132952e-10
897	1.4607111547096533e-10
898	1.450690504042681e-10
899	1.4391235687310727e-10
900	1.4291743298557523e-10
901	1.4189309634444301e-10
902	1.407490133365999e-10
903	1.3979125769205493e-10
904	1.388716988838351e-10
905	1.3774252204340576e-10
906	1.3699726372664854e-10
907	1.36012578468233e-10
908	1.3502957882808245e-10
909	1.3423854062774985e-10
910	1.3334372514376055e-10
911	1.3245204058947065e-10
912	1.3169285379313605e-10
913	1.310347254933777e-10
914	1.3007644597491508e-10
915	1.2931316633019062e-10
916	1.2856844427257166e-10
917	1.278843921180161e-10
918	1.272305386993008e-10
919	1.265887443711567e-10
920	1.26021202079238e-10
921	1.2546158734090439e-10
922	1.2475145589202007e-10
923	1.2432097053603976e-10
924	1.2366740151004134e-10
925	1.2320173813501537e-10
926	1.2274775615907183e-10
927	1.222037247104058e-10
928	1.2178990801416803e-10
929	1.2123830376210752e-10
930	1.2084242958968374e-10
931	1.204836439812244e-10
932	1.2020448173056812e-10
933	1.1980860836484793e-10
934	1.1941557792546227e-10
935	1.1920297295414627e-10
936	1.1883311730346465e-10
937	1.18522015257731e-10
938	1.1832553060501128e-10
939	1.1804818896277416e-10
940	1.1784328918265273e-10
941	1.1760920321962951e-10
942	1.1751112860428687e-10
943	1.1739959399625746e-10
944	1.172244102360393e-10
945	1.17152309052132e-10
946	1.169777342919759e-10
947	1.168616252094515e-10
948	1.1668937865633605e-10
949	1.16696979910212e-10
950	1.167829335068897e-10
951	1.1669732881179945e-10
952	1.1670176454354222e-10
953	1.1674302295042856e-10
954	1.1677098860079025e-10
955	1.1673337894269994e-10
956	1.167661913042814e-10
957	1.1692618657229986e-10
958	1.1691603124899663e-10
959	1.1713762554556642e-10
960	1.1719340537639769e-10
961	1.1747662181515938e-10
962	1.1744818280490282e-10
963	1.1761768541605942e-10
964	1.179593293094249e-10
965	1.1815236845395873e-10
966	1.181405450372952e-10
967	1.1855416280387137e-10
968	1.1881361608348982e-10
969	1.1892344279330464e-10
970	1.1906880382009012e-10
971	1.1937325225977079e-10
972	1.1967357709410506e-10
973	1.1996554748616563e-10
974	1.2019783623048013e-10
975	1.2047895569588177e-10
976	1.2078872152001126e-10
977	1.211518284446396e-10
978	1.2158624316154964e-10
979	1.2178392441861908e-10
980	1.2218756886606752e-10
981	1.227003342900955e-10
982	1.2298649038502188e-10
983	1.232656102709593e-10
984	1.2377723683418305e-10
985	1.2411683631446343e-10
986	1.245520149163578e-10
987	1.2490506133194727e-10
988	1.2528428973383152e-10
989	1.25662132350333e-10
990	1.2605895806328173e-10
991	1.263408754427486e-10
992	1.267240655974729e-10
993	1.271070559955191e-10
994	1.2755930505678192e-10
995	1.2792711408207402e-10
996	1.2835771655625198e-10
997	1.2893733548245967e-10
998	1.2916255390769405e-10
999	1.2967625237908692e-10
1000	1.3003545656466555e-10
1001	1.3045299258917084e-10
1002	1.3104988645710205e-10
1003	1.3134606204467686e-10
1004	1.3178450421956987e-10
1005	1.3217680864572807e-10
1006	1.3258143004735413e-10
1007	1.3302527348140786e-10
1008	1.3326957961694265e-10
1009	1.3383694463994145e-10
1010	1.3427363004290892e-10
1011	1.346633019839817e-10
1012	1.3490235059675606e-10
1013	1.3526911165589425e-10
1014	1.3567724581995669e-10
1015	1.3616530832808766e-10
1016	1.3644588358614495e-10
1017	1.3699356782936404e-10
1018	1.3733422867378037e-10
1019	1.3753505456810467e-10
1020	1.3794946983639558e-10
1021	1.382862917233475e-10
1022	1.3860172072196616e-10
1023	1.3893396972045572e-10
1024	1.3935318442378726e-10
1025	1.3965591367259777e-10
1026	1.4014928274649756e-10
1027	1.402859263486949e-10
1028	1.405118980317549e-10
1029	1.410119134820685e-10
1030	1.4108683173602483e-10
1031	1.4147383679900792e-10
1032	1.417224815742368e-10
1033	1.420072522588964e-10
1034	1.4225477545782255e-10
1035	1.4253994559177035e-10
1036	1.4274918683624616e-10
1037	1.4294922656482688e-10
1038	1.4325643219224134e-10
1039	1.4333036582315409e-10
1040	1.4344999386748315e-10
1041	1.4383198452689726e-10
1042	1.439957321720391e-10
1043	1.4406797957670043e-10
1044	1.4435435620182383e-10
1045	1.4427066732913505e-10
1046	1.4459459939742501e-10
1047	1.4461579839193485e-10
1048	1.4477790911407107e-10
1049	1.449096878512212e-10
1050	1.4498897562911562e-10
1051	1.450462864745928e-10
1052	1.4514594608493326e-10
1053	1.450569579734111e-10
1054	1.4519591353400639e-10
1055	1.4527222905734062e-10
1056	1.4523320697398098e-10
1057	1.4524557578743244e-10
1058	1.4523372392887534e-10
1059	1.450913058337446e-10
1060	1.4498742582127003e-10
1061	1.4518347592762516e-10
1062	1.4489757040998017e-10
1063	1.4502093561045046e-10
1064	1.45045493451619e-10
1065	1.448755883485734e-10
1066	1.4475954124984402e-10
1067	1.4462940798765458e-10
1068	1.4460510595806105e-10
1069	1.442245239238264e-10
1070	1.4423066101965646e-10
1071	1.4420847853560126e-10
1072	1.4401537460167137e-10
1073	1.4372899915024043e-10
1074	1.4357667684231686e-10
1075	1.433278216783418e-10
1076	1.4325141360965386e-10
1077	1.4290142049037468e-10
1078	1.425890979052417e-10
1079	1.424337843065526e-10
1080	1.422969135930676e-10
1081	1.4198266919881534e-10
1082	1.4154899717961028e-10
1083	1.4143751710948248e-10
1084	1.4107199926306433e-10
1085	1.405822492775803e-10
1086	1.4040889008757413e-10
1087	1.4011878544813876e-10
1088	1.3968935128673113e-10
1089	1.3935565883957825e-10
1090	1.3900819826957366e-10
1091	1.3862151865418074e-10
1092	1.3823191583820574e-10
1093	1.378993751329359e-10
1094	1.374608996249857e-10
1095	1.3716381816698116e-10
1096	1.3673694722053875e-10
1097	1.3629292574005128e-10
1098	1.358614499195871e-10
1099	1.3541123393271744e-10
1100	1.3498970514879996e-10
1101	1.3456323097151e-10
1102	1.341857090102725e-10
1103	1.3372153896631325e-10
1104	1.3312774629949014e-10
1105	1.326316397288514e-10
1106	1.3210391260142992e-10
1107	1.3174127966805314e-10
1108	1.3117195700151871e-10
1109	1.307594981822444e-10
1110	1.3024762379846074e-10
1111	1.2969484586340553e-10
1112	1.2927230822287585e-10
1113	1.2878088908873584e-10
1114	1.28099139133638e-10
1115	1.2768740189698638e-10
1116	1.2710572840817323e-10
1117	1.2663201522633514e-10
1118	1.261073694517543e-10
1119	1.2558430436498543e-10
1120	1.2488816515462752e-10
1121	1.2437966510806018e-10
1122	1.238334998982811e-10
1123	1.233986192963099e-10
1124	1.2277764352737673e-10
1125	1.2211474014645365e-10
1126	1.2156473212820378e-10
1127	1.2116860388940787e-10
1128	1.2064833387908085e-10
1129	1.2000929595060376e-10
1130	1.1932267226145124e-10
1131	1.1885275093607246e-10
1132	1.1822549160128896e-10
1133	1.1767266572496412e-10
1134	1.1711809217333682e-10
1135	1.1651860026334023e-10
1136	1.1612533238074843e-10
1137	1.1536902661694263e-10
1138	1.1494009100361387e-10
1139	1.1429218929770275e-10
1140	1.1390936792849925e-10
1141	1.1326585471894158e-10
1142	1.1260385751142159e-10
1143	1.1203224195304973e-10
1144	1.1167333135549222e-10
1145	1.1093682007967148e-10
1146	1.1043903821267648e-10
1147	1.0995482788311329e-10
1148	1.0952057235483353e-10
1149	1.0890479425647377e-10
1150	1.0843411453814766e-10
1151	1.0773690046670865e-10
1152	1.0735593732097206e-10
1153	1.0689094506986514e-10
1154	1.0640501442104675e-10
1155	1.0570410085226547e-10
1156	1.053495963154661e-10
1157	1.0485934636423193e-10
1158	1.042275840958277e-10
1159	1.0375090264769481e-10
1160	1.0334460230498026e-10
1161	1.0296291981887417e-10
1162	1.0252331935080829e-10
1163	1.020393381961456e-10
1164	1.0155755211883091e-10
1165	1.0116837085404524e-10
1166	1.0073853137659736e-10
1167	1.0031075307151354e-10
1168	9.9740082755372e-11
1169	9.940335028302777e-11
1170	9.895148420845582e-11
1171	9.86468685253348e-11
1172	9.811630064718781e-11
1173	9.784235516094164e-11
1174	9.748894990601922e-11
1175	9.697677848342825e-11
1176	9.657673810985625e-11
1177	9.621563018753299e-11
1178	9.6029887558787e-11
1179	9.567236646832991e-11
1180	9.534134225552484e-11
1181	9.489457649220762e-11
1182	9.460790240451868e-11
1183	9.4391427509244e-11
1184	9.411948809208748e-11
1185	9.369889575073469e-11
1186	9.349534820080377e-11
1187	9.317203722318457e-11
1188	9.299166052947345e-11
1189	9.27364106492902e-11
1190	9.243148195783704e-11
1191	9.219041729478085e-11
1192	9.211535371416912e-11
1193	9.176047282537675e-11
1194	9.1569051223088e-11
1195	9.142107857421134e-11
1196	9.124987276718759e-11
1197	9.102905448466997e-11
1198	9.086302980854199e-11
1199	9.083211094200784e-11
1200	9.057223326538174e-11
1201	9.058954116467156e-11
1202	9.046744839673606e-11
1203	9.030121315865052e-11
1204	9.008485006227611e-11
1205	9.003818366706171e-11
1206	8.996720261131337e-11
1207	8.981799801157571e-11
1208	8.981077904928258e-11
1209	8.984582984516942e-11
1210	8.981887399576223e-11
1211	8.962585940097399e-11
1212	8.962230383934754e-11
1213	8.958325303970476e-11
1214	8.968361204770805e-11
1215	8.967939478047089e-11
1216	8.955205895444085e-11
1217	8.971701532521736e-11
1218	8.959919593183275e-11
1219	8.975394760553223e-11
1220	8.976968970081697e-11
1221	8.979850785697774e-11
1222	8.974743523724707e-11
1223	8.98752514216701e-11
1224	8.995634820840799e-11
1225	8.999662756662266e-11
1226	9.020678153404074e-11
1227	9.01777615349616e-11
1228	9.029115426787255e-11
1229	9.036639513781668e-11
1230	9.052183713121343e-11
1231	9.074653391315861e-11
1232	9.089617632638358e-11
1233	9.094820468449358e-11
1234	9.108995044213302e-11
1235	9.135189722217747e-11
1236	9.137453695210983e-11
1237	9.170044341762723e-11
1238	9.175941901489407e-11
1239	9.200180052920116e-11
1240	9.219753482610481e-11
1241	9.23736868899927e-11
1242	9.249942229743192e-11
1243	9.281006995003506e-11
1244	9.304606290358981e-11
1245	9.309834064887612e-11
1246	9.347793678478754e-11
1247	9.370627144566215e-11
1248	9.380466561691475e-11
1249	9.40429995366804e-11
1250	9.429147711371148e-11
1251	9.467187803398853e-11
1252	9.485392460420484e-11
1253	9.498445062568478e-11
1254	9.527333990383143e-11
1255	9.560982656017927e-11
1256	9.582682901387197e-11
1257	9.609090327144679e-11
1258	9.637023447708738e-11
1259	9.656744449351548e-11
1260	9.692167145787665e-11
1261	9.720973063099894e-11
1262	9.753488278447434e-11
1263	9.765045269830748e-11
1264	9.805947637519575e-11
1265	9.82181037302972e-11
1266	9.856034641804696e-11
1267	9.879723292366478e-11
1268	9.909371868322157e-11
1269	9.943226423151644e-11
1270	9.973365219802841e-11
1271	1.000478387727961e-10
1272	1.0036035548450859e-10
1273	1.0061145030724079e-10
1274	1.0075369847957537e-10
1275	1.0110670331004494e-10
1276	1.0140391598294066e-10
1277	1.0174530327339416e-10
1278	1.0192907838739449e-10
1279	1.0235182918914982e-10
1280	1.0257705546712703e-10
1281	1.0276073596081885e-10
1282	1.0313032601478071e-10
1283	1.0336948140449493e-10
1284	1.036624979251715e-10
1285	1.0387547209687188e-10
1286	1.0426498811907622e-10
1287	1.0436524450808508e-10
1288	1.0467628642283831e-10
1289	1.0504318862095324e-10
1290	1.0513390795414883e-10
1291	1.0552782300529135e-10
1292	1.057730247293287e-10
1293	1.0589403621099084e-10
1294	1.0629550314736002e-10
1295	1.0642549898061481e-10
1296	1.0657471517053885e-10
1297	1.0684129928968405e-10
1298	1.0708269079387173e-10
1299	1.0732537740605864e-10
1300	1.0759238935995393e-10
1301	1.077521196034869e-10
1302	1.0795858987050235e-10
1303	1.0823885584960252e-10
1304	1.0844579370340077e-10
1305	1.0863547581663174e-10
1306	1.0871606196310728e-10
1307	1.0886217581895103e-10
1308	1.090745023742909e-10
1309	1.0925210405865204e-10
1310	1.093192604559513e-10
1311	1.0941462546755068e-10
1312	1.096604395914666e-10
1313	1.0985808844973527e-10
1314	1.0993556822720114e-10
1315	1.1000394336761836e-10
1316	1.101836540337964e-10
1317	1.1030561101824228e-10
1318	1.1031334786623621e-10
1319	1.1039863029492305e-10
1320	1.1046043016391335e-10
1321	1.106532839359607e-10
1322	1.1056569752249997e-10
1323	1.1082194557500456e-10
1324	1.1083851884762541e-10
1325	1.1075362944676765e-10
1326	1.1097150891642197e-10
1327	1.1083820133571917e-10
1328	1.1091223274265707e-10
1329	1.1104117682681623e-10
1330	1.1103309617611254e-10
1331	1.1100537781880624e-10
1332	1.1099495631629935e-10
1333	1.1084858435548984e-10
1334	1.1080666067318863e-10
1335	1.109611659280717e-10
1336	1.1080843450399704e-10
1337	1.1087748991022847e-10
1338	1.1078876208302656e-10
1339	1.1071237348650429e-10
1340	1.1059352613453869e-10
1341	1.1046850118090215e-10
1342	1.1034474392571563e-10
1343	1.1027826545151815e-10
1344	1.102555377775668e-10
1345	1.1005560652491681e-10
1346	1.0993522372263601e-10
1347	1.0978836602146388e-10
1348	1.0965988558777574e-10
1349	1.0945282218348752e-10
1350	1.0932408566848767e-10
1351	1.0909538558043863e-10
1352	1.0906198313331308e-10
1353	1.0885355479437163e-10
1354	1.0868542786467659e-10
1355	1.0852183632368679e-10
1356	1.0823312600690346e-10
1357	1.0795437274860408e-10
1358	1.0778401531571412e-10
1359	1.0749924225833762e-10
1360	1.0729673703248443e-10
1361	1.0711448734381531e-10
1362	1.0679273485034265e-10
1363	1.0652630757386312e-10
1364	1.0626689215029241e-10
1365	1.059401487897511e-10
1366	1.0559215455335609e-10
1367	1.0545132258643997e-10
1368	1.0503303998352999e-10
1369	1.0481542374189641e-10
1370	1.0447660950840107e-10
1371	1.0412998867297698e-10
1372	1.0377353523058077e-10
1373	1.0334264387860521e-10
1374	1.0312050058086205e-10
1375	1.0279980805612678e-10
1376	1.0239661468374797e-10
1377	1.0207737095215247e-10
1378	1.0163459281248619e-10
1379	1.0120107637024678e-10
1380	1.0089294273125394e-10
1381	1.004860955732945e-10
1382	9.997100591827079e-11
1383	9.96217484650537e-11
1384	9.921672920277667e-11
1385	9.875742035862768e-11
1386	9.830457069268291e-11
1387	9.79516210849211e-11
1388	9.744531371041458e-11
1389	9.706998511553169e-11
1390	9.657701068449812e-11
1391	9.623078999029098e-11
1392	9.582682213138101e-11
1393	9.532615535722398e-11
1394	9.489064593460543e-11
1395	9.439800124315467e-11
1396	9.392431626535573e-11
1397	9.335231725571201e-11
1398	9.289355018323674e-11
1399	9.24572020025135e-11
1400	9.198061322644435e-11
1401	9.145981333109624e-11
1402	9.106110647512396e-11
1403	9.041447449572756e-11
1404	8.99888217872511e-11
1405	8.948587930818455e-11
1406	8.902196655713993e-11
1407	8.84918658656141e-11
1408	8.791070186564975e-11
1409	8.7502098161457e-11
1410	8.689015109155916e-11
1411	8.649130142357602e-11
1412	8.594514296698749e-11
1413	8.530111798611001e-11
1414	8.480233866311372e-11
1415	8.438951701012931e-11
1416	8.37349405490733e-11
1417	8.326588757930263e-11
1418	8.279735515285564e-11
1419	8.22729475253116e-11
1420	8.173944996311288e-11
1421	8.113763215390416e-11
1422	8.058434134288399e-11
1423	8.006151017248688e-11
1424	7.965813833407304e-11
1425	7.902279302044832e-11
1426	7.849371588808243e-11
1427	7.804301975055143e-11
1428	7.748181841986922e-11
1429	7.689468989459091e-11
1430	7.646643409739118e-11
1431	7.593168073200573e-11
1432	7.536669279226582e-11
1433	7.492671935882372e-11
1434	7.435280997201848e-11
1435	7.38358113245521e-11
1436	7.337159513155116e-11
1437	7.275206840410518e-11
1438	7.23392487242467e-11
1439	7.184185545116925e-11
1440	7.128357217048918e-11
1441	7.070192224190814e-11
1442	7.020586801106558e-11
1443	6.975889714664917e-11
1444	6.924587939625643e-11
1445	6.878188070642538e-11
1446	6.822245505164156e-11
1447	6.778317258337319e-11
1448	6.73089160284288e-11
1449	6.684713506781905e-11
1450	6.632871409212905e-11
1451	6.580412418414158e-11
1452	6.542012961450513e-11
1453	6.494701735761157e-11
1454	6.442628193944205e-11
1455	6.403429180084154e-11
1456	6.347254014580987e-11
1457	6.311694714527606e-11
1458	6.267907385419316e-11
1459	6.22444300630314e-11
1460	6.176982164407155e-11
1461	6.129502121601204e-11
1462	6.083782410417261e-11
1463	6.043808485827778e-11
1464	6.009591563571268e-11
1465	5.959231888620892e-11
1466	5.921197190501716e-11
1467	5.887623493002769e-11
1468	5.843982943524838e-11
1469	5.799382854385417e-11
1470	5.766032815196932e-11
1471	5.724603285236523e-11
1472	5.6923263317878186e-11
1473	5.651899631869171e-11
1474	5.6221510364787923e-11
1475	5.586889269121048e-11
1476	5.543655069529924e-11
1477	5.513848681787638e-11
1478	5.473424689133008e-11
1479	5.443204918827361e-11
1480	5.4108399437766586e-11
1481	5.3770956629702636e-11
1482	5.344308306841727e-11
1483	5.3212295316763164e-11
1484	5.287863299856798e-11
1485	5.2567184323563615e-11
1486	5.22445702029809e-11
1487	5.1993776843011145e-11
1488	5.1667437918162035e-11
1489	5.147816357152149e-11
1490	5.111356103213415e-11
1491	5.086842286932742e-11
1492	5.0654027201580864e-11
1493	5.0422630662027636e-11
1494	5.017854842199607e-11
1495	4.9877598615997237e-11
1496	4.9681700913970104e-11
1497	4.941691141185139e-11
1498	4.924570138230414e-11
1499	4.9007860540085544e-11
1500	4.879568676684351e-11
1501	4.863959774156077e-11
1502	4.837372713869056e-11
1503	4.82126274926903e-11
1504	4.801674572554343e-11
1505	4.7869249999568824e-11
1506	4.7682883038421e-11
1507	4.7562050370063716e-11
1508	4.7355522561463005e-11
1509	4.7205655542179956e-11
1510	4.711941959011754e-11
1511	4.694993802115113e-11
1512	4.683009410050782e-11
1513	4.665147371496516e-11
1514	4.6576876091604994e-11
1515	4.6495547718601734e-11
1516	4.634789709927547e-11
1517	4.625969795978478e-11
1518	4.617452218206009e-11
1519	4.607784027427535e-11
1520	4.598128365014648e-11
1521	4.586037603676882e-11
1522	4.581996300011204e-11
1523	4.5696609672526436e-11
1524	4.561492143309101e-11
1525	4.557614371296231e-11
1526	4.55033193729416e-11
1527	4.547067674915689e-11
1528	4.5462261132289726e-11
1529	4.535532500613899e-11
1530	4.5337478027670245e-11
1531	4.53284228739292e-11
1532	4.527586191290491e-11
1533	4.530331384800901e-11
1534	4.525349997409538e-11
1535	4.519321339206064e-11
1536	4.518739391205631e-11
1537	4.519247331578681e-11
1538	4.5254361300864216e-11
1539	4.525179608805467e-11
1540	4.525129037054387e-11
1541	4.5218053658942675e-11
1542	4.524704553091756e-11
1543	4.521667042934869e-11
1544	4.5298204484856554e-11
1545	4.526574695964855e-11
1546	4.531793023607356e-11
1547	4.53389766232567e-11
1548	4.536894291420174e-11
1549	4.538560743195252e-11
1550	4.550465644355708e-11
1551	4.5527633307326866e-11
1552	4.55979135741984e-11
1553	4.562612737613599e-11
1554	4.5653671528212774e-11
1555	4.571832727408303e-11
1556	4.5768325192638186e-11
1557	4.5822907235553355e-11
1558	4.592134765982762e-11
1559	4.5947350203731996e-11
1560	4.599449663576803e-11
1561	4.603570895514852e-11
1562	4.616517579805625e-11
1563	4.61803166341914e-11
1564	4.631748596449932e-11
1565	4.6373126808399366e-11
1566	4.6412501711438885e-11
1567	4.651702412386089e-11
1568	4.663303584465596e-11
1569	4.6625852361979595e-11
1570	4.675604637561764e-11
1571	4.687708291818339e-11
1572	4.692297079019183e-11
1573	4.696698840938896e-11
1574	4.7061603721090574e-11
1575	4.7186814568916146e-11
1576	4.7280151043888485e-11
1577	4.7317429876799636e-11
1578	4.7385089705278165e-11
1579	4.745916359984505e-11
1580	4.7612665404367434e-11
1581	4.770567197168998e-11
1582	4.778581936777698e-11
1583	4.7860679861353416e-11
1584	4.793501753506012e-11
1585	4.8016605514098894e-11
1586	4.8097939586205865e-11
1587	4.818661450436752e-11
1588	4.82509516279889e-11
1589	4.8317306919555817e-11
1590	4.837764772281769e-11
1591	4.842987201243769e-11
1592	4.8574928951539684e-11
1593	4.8572697561005517e-11
1594	4.8684474886514004e-11
1595	4.8774398400405256e-11
1596	4.881544722521481e-11
1597	4.889394679258023e-11
1598	4.899637089899341e-11
1599	4.901825302661807e-11
1600	4.905986683515452e-11
1601	4.914773990084535e-11
1602	4.928434353762235e-11
1603	4.9341883388110684e-11
1604	4.9309052980296886e-11
1605	4.936679399535969e-11
1606	4.947078010186754e-11
1607	4.9548266280336285e-11
1608	4.96124876016653e-11
1609	4.965792321068112e-11
1610	4.9706300097628404e-11
1611	4.974713623933062e-11
1612	4.976371162183867e-11
1613	4.980707113369462e-11
1614	4.983816512617533e-11
1615	4.984917507165884e-11
1616	4.9893924851894726e-11
1617	4.996481615622356e-11
1618	5.0002731615233354e-11
1619	4.9940508721292176e-11
1620	5.004331465536333e-11
1621	5.0016475654026765e-11
1622	5.0032584007716645e-11
1623	5.002301524140288e-11
1624	5.007396640297462e-11
1625	5.010444504656075e-11
1626	5.007884867849539e-11
1627	5.0037123087090696e-11
1628	5.0082282190722364e-11
1629	5.0071282096347127e-11
1630	5.006794589005693e-11
1631	4.999737685972902e-11
1632	4.999250638868243e-11
1633	5.002194194076626e-11
1634	4.994364675752027e-11
1635	4.994767786929648e-11
1636	4.9940314394592796e-11
1637	4.9876250538084847e-11
1638	4.9892944677899025e-11
1639	4.97991009458973e-11
1640	4.975672381720664e-11
1641	4.9760901679526096e-11
1642	4.9731593397487195e-11
1643	4.969196881558479e-11
1644	4.9624200947313165e-11
1645	4.9545095395220775e-11
1646	4.946133774585118e-11
1647	4.94276885567657e-11
1648	4.935732782276792e-11
1649	4.931774656879451e-11
1650	4.9192604896605026e-11
1651	4.919829302623423e-11
1652	4.912028432996417e-11
1653	4.8962117681972525e-11
1654	4.89173420653805e-11
1655	4.8875117282324254e-11
1656	4.8786126620931147e-11
1657	4.869857081766405e-11
1658	4.857036107488106e-11
1659	4.846417479142974e-11
1660	4.838568948039845e-11
1661	4.826243806969379e-11
1662	4.8140158423994147e-11
1663	4.803660499615586e-11
1664	4.797352638929501e-11
1665	4.7809142373298826e-11
1666	4.7681744860888167e-11
1667	4.759981735724407e-11
1668	4.742101466423353e-11
1669	4.73781726099272e-11
1670	4.7209645533714987e-11
1671	4.705866272947015e-11
1672	4.690840465011773e-11
1673	4.685255044047013e-11
1674	4.6667238047661146e-11
1675	4.648775681136545e-11
1676	4.64047242957725e-11
1677	4.621175693979848e-11
1678	4.608851480022602e-11
1679	4.59928623303568e-11
1680	4.58431051525723e-11
1681	4.562630275401978e-11
1682	4.551993834467505e-11
1683	4.5377854485763764e-11
1684	4.5165450285181206e-11
1685	4.5042839399016816e-11
1686	4.488312456272793e-11
1687	4.466456907997111e-11
1688	4.455299439008618e-11
1689	4.441653854235428e-11
1690	4.4213124191058464e-11
1691	4.408435461127296e-11
1692	4.3870868255615647e-11
1693	4.374589478913591e-11
1694	4.3533941323625526e-11
1695	4.3351393583495033e-11
1696	4.321736755245787e-11
1697	4.304907514970937e-11
1698	4.281456966480446e-11
1699	4.2672697542825734e-11
1700	4.246444276940659e-11
1701	4.232574681560011e-11
1702	4.208345037995463e-11
1703	4.190014716930513e-11
1704	4.176575282676764e-11
1705	4.158470026864562e-11
1706	4.142178436498591e-11
1707	4.118468874606669e-11
1708	4.1036214034063537e-11
1709	4.0846427581546776e-11
1710	4.0638711766154316e-11
1711	4.0477323992802125e-11
1712	4.0304487273449966e-11
1713	4.013072628707755e-11
1714	3.991935498742059e-11
1715	3.9744752445342215e-11
1716	3.9542670194495045e-11
1717	3.939579934855755e-11
1718	3.919125768044883e-11
1719	3.901136411660171e-11
1720	3.8862915872955526e-11
1721	3.867964157479165e-11
1722	3.8443345904248995e-11
1723	3.8253485073168926e-11
1724	3.8140771919253346e-11
1725	3.790463058850606e-11
1726	3.7728956256407954e-11
1727	3.75416186543371e-11
1728	3.7366006978040905e-11
1729	3.717887000919222e-11
1730	3.7006250828551655e-11
1731	3.683966649427478e-11
1732	3.667952658185368e-11
1733	3.651940925347698e-11
1734	3.634520808841369e-11
1735	3.6202837824738864e-11
1736	3.597498326815645e-11
1737	3.58627097407227e-11
1738	3.569882288358358e-11
1739	3.5498268177093096e-11
1740	3.531867855759806e-11
1741	3.521308619213362e-11
1742	3.4998885096233783e-11
1743	3.4855317726107046e-11
1744	3.471522182039442e-11
1745	3.459105954533485e-11
1746	3.441115306993382e-11
1747	3.4243666738513435e-11
1748	3.412082599793808e-11
1749	3.397101304585561e-11
1750	3.3838137453170685e-11
1751	3.36555630363159e-11
1752	3.357219946176444e-11
1753	3.340493150528298e-11
1754	3.327042310777675e-11
1755	3.311226117137186e-11
1756	3.302133932326819e-11
1757	3.2840978452885756e-11
1758	3.271724470701274e-11
1759	3.2624676056641946e-11
1760	3.247598784949552e-11
1761	3.2331402207531145e-11
1762	3.226046276461024e-11
1763	3.212990333721399e-11
1764	3.200478794605105e-11
1765	3.18937469828963e-11
1766	3.1792604620036556e-11
1767	3.169002242797326e-11
1768	3.1561815457418497e-11
1769	3.1467627240904045e-11
1770	3.132739962222615e-11
1771	3.125824517793614e-11
1772	3.113242476514772e-11
1773	3.108752703380615e-11
1774	3.094502876656579e-11
1775	3.085653157127797e-11
1776	3.079849344394675e-11
1777	3.072974527851406e-11
1778	3.065601725296721e-11
1779	3.0555390512597464e-11
1780	3.045741083666602e-11
1781	3.0419799452667834e-11
1782	3.034300695465353e-11
1783	3.0265562431958666e-11
1784	3.019336970789071e-11
1785	3.0100548866879044e-11
1786	3.0064598487094205e-11
1787	3.001592261952296e-11
1788	2.9923019846790774e-11
1789	2.989736655779767e-11
1790	2.9817125125410825e-11
1791	2.98005240090865e-11
1792	2.9724459422400824e-11
1793	2.967848678992406e-11
1794	2.968447350774643e-11
1795	2.9622670025527214e-11
1796	2.957907416843882e-11
1797	2.9523561068670336e-11
1798	2.9542151244337214e-11
1799	2.947431469256647e-11
1800	2.9464508933762394e-11
1801	2.941340318276202e-11
1802	2.9424323285861414e-11
1803	2.94016555778013e-11
1804	2.933494300857871e-11
1805	2.9364777935481064e-11
1806	2.932919750587304e-11
1807	2.929454390584537e-11
1808	2.9297235261591137e-11
1809	2.9288107854777654e-11
1810	2.9270553645098264e-11
1811	2.92941010709115e-11
1812	2.9254861232073234e-11
1813	2.927834919157147e-11
1814	2.9248040477105675e-11
1815	2.92757165855516e-11
1816	2.926338193252202e-11
1817	2.9283510035551407e-11
1818	2.928822845859902e-11
1819	2.9328002668332874e-11
1820	2.9317844344705915e-11
1821	2.933594769132284e-11
1822	2.931774261920974e-11
1823	2.9354137285606277e-11
1824	2.9392858637768786e-11
1825	2.9373029485279047e-11
1826	2.941051945726878e-11
1827	2.942413827097783e-11
1828	2.946599646992773e-11
1829	2.949188370596129e-11
1830	2.954525977381589e-11
1831	2.952968802509266e-11
1832	2.957942990549044e-11
1833	2.9600823333853905e-11
1834	2.962107782767647e-11
1835	2.964691782902214e-11
1836	2.969184044797766e-11
1837	2.975942900812294e-11
1838	2.9797196001294195e-11
1839	2.981100615378727e-11
1840	2.984410735263576e-11
1841	2.990049339990817e-11
1842	2.99139398712129e-11
1843	2.998072576008977e-11
1844	2.9966521483727276e-11
1845	3.0015923364442364e-11
1846	3.0096162243775464e-11
1847	3.011905478152391e-11
1848	3.0167730104714997e-11
1849	3.020335274751013e-11
1850	3.026702168297456e-11
1851	3.027563919324845e-11
1852	3.03271766028201e-11
1853	3.0395623359131584e-11
1854	3.0429741150714755e-11
1855	3.047018734485318e-11
1856	3.051400995383519e-11
1857	3.052955967576915e-11
1858	3.056429761538153e-11
1859	3.0623157083406056e-11
1860	3.063921768841569e-11
1861	3.073154331756786e-11
1862	3.072904384432574e-11
1863	3.079764901536471e-11
1864	3.08405736887495e-11
1865	3.0877965256172416e-11
1866	3.09045968272872e-11
1867	3.098706284882001e-11
1868	3.0990388196718606e-11
1869	3.10399408364671e-11
1870	3.106784971384319e-11
1871	3.110752754703854e-11
1872	3.114769162000696e-11
1873	3.1216931006424527e-11
1874	3.1229835090057984e-11
1875	3.125657248305024e-11
1876	3.131723206966206e-11
1877	3.133126360989919e-11
1878	3.1348276372894403e-11
1879	3.142038748244402e-11
1880	3.145598679575836e-11
1881	3.144607081452038e-11
1882	3.149104448865221e-11
1883	3.15046195249252e-11
1884	3.156869696319965e-11
1885	3.156923310233814e-11
1886	3.1622981629024855e-11
1887	3.162130689722616e-11
1888	3.166916276226621e-11
1889	3.1695116461674156e-11
1890	3.170043056932245e-11
1891	3.17207051037147e-11
1892	3.1758370737593034e-11
1893	3.177604791945762e-11
1894	3.1759905392528736e-11
1895	3.1808513952777635e-11
1896	3.178489171082497e-11
1897	3.178029121108631e-11
1898	3.184594933633812e-11
1899	3.182544835862352e-11
1900	3.179948366911383e-11
1901	3.1815955224954234e-11
1902	3.186001176986723e-11
1903	3.180290137335754e-11
1904	3.1853892668612225e-11
1905	3.1802751432119457e-11
1906	3.182460319192956e-11
1907	3.179414366896026e-11
1908	3.179995996795275e-11
1909	3.182481866328186e-11
1910	3.177861424962272e-11
1911	3.178328143783105e-11
1912	3.173549098526973e-11
1913	3.175391053008568e-11
1914	3.1738145855086e-11
1915	3.1679346394762084e-11
1916	3.170294995855919e-11
1917	3.168164390425669e-11
1918	3.160778003352144e-11
1919	3.160393083195711e-11
1920	3.158247064947898e-11
1921	3.153956432768699e-11
1922	3.150482886552825e-11
1923	3.145301585462316e-11
1924	3.1437734549065644e-11
1925	3.140290919595396e-11
1926	3.139868661330306e-11
1927	3.132371629663023e-11
1928	3.1266456850889834e-11
1929	3.1211483952123664e-11
1930	3.1174110016222086e-11
1931	3.115772290819112e-11
1932	3.1105396949377466e-11
1933	3.1026030648981433e-11
1934	3.094908829141167e-11
1935	3.0919076930966936e-11
1936	3.088063140990953e-11
1937	3.07852887773487e-11
1938	3.070660480627543e-11
1939	3.0642791417902366e-11
1940	3.060302259843928e-11
1941	3.0526699726041644e-11
1942	3.0432381422970945e-11
1943	3.0401650685915944e-11
1944	3.0344298034263154e-11
1945	3.0253250972275286e-11
1946	3.0175223089548694e-11
1947	3.005496893383275e-11
1948	3.0018940925216403e-11
1949	2.99110214555076e-11
1950	2.9817983457946806e-11
1951	2.9732906014481394e-11
1952	2.9678221935552286e-11
1953	2.954881882848648e-11
1954	2.950522131433636e-11
1955	2.9366233768079974e-11
1956	2.929944063835666e-11
1957	2.919569668514119e-11
1958	2.912170334722057e-11
1959	2.9002811691503402e-11
1960	2.8921434208781116e-11
1961	2.8776557056457703e-11
1962	2.8722932983391204e-11
1963	2.8592155481958782e-11
1964	2.851529534900195e-11
1965	2.839376362680101e-11
1966	2.8278772529541247e-11
1967	2.8171796782081276e-11
1968	2.808626544183744e-11
1969	2.795307945360837e-11
1970	2.7809648212673925e-11
1971	2.7695085449246445e-11
1972	2.7600255511686772e-11
1973	2.7465080926993214e-11
1974	2.7382234930950718e-11
1975	2.723528821656803e-11
1976	2.7129862499798823e-11
1977	2.701417972169025e-11
1978	2.6880337509869944e-11
1979	2.6748374952067055e-11
1980	2.665280355087282e-11
1981	2.6541202341763957e-11
1982	2.6375609014403653e-11
1983	2.6288906668670007e-11
1984	2.6169864760624627e-11
1985	2.5992644443089202e-11
1986	2.5897071499318734e-11
1987	2.5741189885138022e-11
1988	2.5632581466707706e-11
1989	2.552383825034482e-11
1990	2.5357383515087285e-11
1991	2.5256775570554553e-11
1992	2.5114189282992914e-11
1993	2.4975497517132732e-11
1994	2.485135158827626e-11
1995	2.4716317898934495e-11
1996	2.4556009028899368e-11
1997	2.4455403230565572e-11
1998	2.432967599400835e-11
1999	2.417292896501574e-11
2000	2.4043763620999628e-11
2001	2.3925703127774065e-11
2002	2.3770935777828774e-11
2003	2.3639700040033354e-11
2004	2.34982171303873e-11
2005	2.337191741557303e-11
2006	2.3230413104439756e-11
2007	2.3124130920839523e-11
2008	2.2976562316709805e-11
2009	2.2844246587625495e-11
2010	2.271915024418691e-11
2011	2.254791997927901e-11
2012	2.2433950478620437e-11
2013	2.2300605818940537e-11
2014	2.2152211480104868e-11
2015	2.2021005913735135e-11
2016	2.1888549982066987e-11
2017	2.177594247144063e-11
2018	2.1637952031658454e-11
2019	2.1528768167863053e-11
2020	2.1362866980673964e-11
2021	2.1261306873967978e-11
2022	2.1127564085258758e-11
2023	2.100068662552236e-11
2024	2.0864036429559748e-11
2025	2.0733189397061743e-11
2026	2.0620115746137115e-11
2027	2.049648843654803e-11
2028	2.0331785942639024e-11
2029	2.021101011686012e-11
2030	2.0111887215535737e-11
2031	1.997593395534732e-11
2032	1.9858666876740123e-11
2033	1.973910817804846e-11
2034	1.9593669874842477e-11
2035	1.9480903543549836e-11
2036	1.937038899342573e-11
2037	1.9234006687795732e-11
2038	1.914801973181653e-11
2039	1.9025488724765304e-11
2040	1.8890097315646535e-11
2041	1.8785549760632465e-11
2042	1.8649860358519175e-11
2043	1.854691860505474e-11
2044	1.8442103482595483e-11
2045	1.8334817215945798e-11
2046	1.8226760109900565e-11
2047	1.8128113255084965e-11
2048	1.8013660996997872e-11
2049	1.7897010064382466e-11
2050	1.7803214657447384e-11
2051	1.7698217182585146e-11
2052	1.7579778709152357e-11
2053	1.7503204974807807e-11
2054	1.7381682285939533e-11
2055	1.7279162068123453e-11
2056	1.7197924848943224e-11
2057	1.7093603480854545e-11
2058	1.7006902155111444e-11
2059	1.6912909859342566e-11
2060	1.6800904109696506e-11
2061	1.6718251667397013e-11
2062	1.6649995089780616e-11
2063	1.653515315556564e-11
2064	1.646726398337501e-11
2065	1.6367848866357424e-11
2066	1.6300893852930864e-11
2067	1.620111782174032e-11
2068	1.614331395186333e-11
2069	1.6042429834624993e-11
2070	1.598391533580332e-11
2071	1.590641719436939e-11
2072	1.581781634783579e-11
2073	1.572824139725214e-11
2074	1.5675674416301483e-11
2075	1.559499370393446e-11
2076	1.5530972232177164e-11
2077	1.5442754477904992e-11
2078	1.5385200186314762e-11
2079	1.530808458938336e-11
2080	1.5263347596910288e-11
2081	1.520378729298482e-11
2082	1.512298727140181e-11
2083	1.507750330135057e-11
2084	1.5012497922092863e-11
2085	1.495643400370209e-11
2086	1.491266463048674e-11
2087	1.4855077508675208e-11
2088	1.4790567119231667e-11
2089	1.4747137119530053e-11
2090	1.4700009784973493e-11
2091	1.463093935335199e-11
2092	1.4588049106071124e-11
2093	1.4553053261922733e-11
2094	1.4491356217866805e-11
2095	1.447084756857467e-11
2096	1.4414125804703503e-11
2097	1.4374223659279444e-11
2098	1.4343381975433403e-11
2099	1.429080551870918e-11
2100	1.4266874515850816e-11
2101	1.4238144415938836e-11
2102	1.4183127072533261e-11
2103	1.414349987614908e-11
2104	1.4135705165439659e-11
2105	1.4089339240061895e-11
2106	1.4074278738039889e-11
2107	1.4032483281378342e-11
2108	1.4020435294082426e-11
2109	1.3992183510911579e-11
2110	1.3950920234584157e-11
2111	1.3940352298424643e-11
2112	1.3918237645255572e-11
2113	1.3889311316470822e-11
2114	1.3855426871144773e-11
2115	1.3836679506836956e-11
2116	1.3830841917117038e-11
2117	1.3814510064810098e-11
2118	1.3797232364522823e-11
2119	1.3781985026011703e-11
2120	1.3768293906140944e-11
2121	1.3759697234247059e-11
2122	1.373183907778251e-11
2123	1.3730161234422627e-11
2124	1.3724395109993351e-11
2125	1.3716335608078953e-11
2126	1.3691881433479288e-11
2127	1.3696217585652484e-11
2128	1.3685392248429179e-11
2129	1.3687918687251813e-11
2130	1.3678454580716814e-11
2131	1.3660227053734538e-11
2132	1.3666171706246362e-11
2133	1.3659301839731716e-11
2134	1.3639640777721298e-11
2135	1.3663718124233034e-11
2136	1.3647852638783926e-11
2137	1.3637333156983333e-11
2138	1.3648218209436342e-11
2139	1.3638146416134758e-11
2140	1.3652338445283129e-11
2141	1.3644166922683085e-11
2142	1.3644305190430665e-11
2143	1.3663826977269415e-11
2144	1.3646921615599351e-11
2145	1.3665327238603949e-11
2146	1.3668381816977014e-11
2147	1.3659936748768945e-11
2148	1.3669439148130795e-11
2149	1.3676379183437217e-11
2150	1.3675789765963966e-11
2151	1.3690126664680967e-11
2152	1.3697977128492692e-11
2153	1.3708719216424947e-11
2154	1.3714370841379571e-11
2155	1.3722442281434463e-11
2156	1.3724585358397405e-11
2157	1.373818169724671e-11
2158	1.3742563226919988e-11
2159	1.3748198767721353e-11
2160	1.3764673703282365e-11
2161	1.3765023605955375e-11
2162	1.377518707882906e-11
2163	1.377389987885793e-11
2164	1.3789957127467611e-11
2165	1.3808694085399399e-11
2166	1.3816529481646406e-11
2167	1.3822371443803698e-11
2168	1.3807370048005229e-11
2169	1.3826078588261517e-11
2170	1.3837771476987925e-11
2171	1.3854050583046993e-11
2172	1.3850799035497933e-11
2173	1.3859812615043777e-11
2174	1.3878542746499532e-11
2175	1.385898617076702e-11
2176	1.3877030857676968e-11
2177	1.3874791376672597e-11
2178	1.390528878181873e-11
2179	1.3905145197810728e-11
2180	1.3908015327320669e-11
2181	1.3914862740342583e-11
2182	1.3908254993690185e-11
2183	1.3932148603806944e-11
2184	1.3925356813347452e-11
2185	1.3926955602793774e-11
2186	1.3926741707602842e-11
2187	1.3953783717335798e-11
2188	1.3955500777305882e-11
2189	1.3954948163629638e-11
2190	1.3954684880273097e-11
2191	1.394852052434413e-11
2192	1.3963927119803613e-11
2193	1.395710460070779e-11
2194	1.3952808023050441e-11
2195	1.3976078122021568e-11
2196	1.3960128746175691e-11
2197	1.3955514929276892e-11
2198	1.3971094722165815e-11
2199	1.3959563303006284e-11
2200	1.3951311944455753e-11
2201	1.3967130508056344e-11
2202	1.3949733430589333e-11
2203	1.3954462288598932e-11
2204	1.3949863956958927e-11
2205	1.395593292428874e-11
2206	1.3954027711357125e-11
2207	1.3941279770182593e-11
2208	1.3925443009446511e-11
2209	1.3911022900363658e-11
2210	1.3925958979515535e-11
2211	1.3923304993423373e-11
2212	1.3899738055912258e-11
2213	1.3890455176189714e-11
2214	1.3894884658267328e-11
2215	1.3874213801028989e-11
2216	1.3859002832827838e-11
2217	1.3844242264835578e-11
2218	1.3825662856718125e-11
2219	1.3819167717227605e-11
2220	1.3820207893018283e-11
2221	1.3795020256035715e-11
2222	1.3782395893842209e-11
2223	1.3759023780875675e-11
2224	1.3762742057115617e-11
2225	1.3732797567107523e-11
2226	1.3719679998827568e-11
2227	1.3695495463410339e-11
2228	1.3681803168942396e-11
2229	1.3667212572538644e-11
2230	1.3642427084212831e-11
2231	1.3625530471579038e-11
2232	1.3610668700574986e-11
2233	1.3573449561288984e-11
2234	1.3573125052284371e-11
2235	1.355200855602939e-11
2236	1.3510608055909012e-11
2237	1.3490768317242776e-11
2238	1.3478792298487192e-11
2239	1.3452819290572854e-11
2240	1.343016789545904e-11
2241	1.338140378261103e-11
2242	1.3354555947657923e-11
2243	1.332982642266007e-11
2244	1.3321178918030554e-11
2245	1.3283479010788587e-11
2246	1.3240485441957835e-11
2247	1.322902710095228e-11
2248	1.3188183537953958e-11
2249	1.3150596151318703e-11
2250	1.3122489538309745e-11
2251	1.3094507457224695e-11
2252	1.305232177222604e-11
2253	1.301790682911974e-11
2254	1.2991022713130805e-11
2255	1.295492543677829e-11
2256	1.2914763150432062e-11
2257	1.2886976417580239e-11
2258	1.2857603610130424e-11
2259	1.2826132023950771e-11
2260	1.2795713692253834e-11
2261	1.2740942265870099e-11
2262	1.2706138046606394e-11
2263	1.2659253545293614e-11
2264	1.264211342338723e-11
2265	1.259915926166285e-11
2266	1.2556493464331379e-11
2267	1.2507169474315267e-11
2268	1.2469581132032497e-11
2269	1.2435767635384986e-11
2270	1.2387015953284422e-11
2271	1.2343873796456206e-11
2272	1.2302886024747812e-11
2273	1.2273603227797547e-11
2274	1.2237072528892604e-11
2275	1.218832838528675e-11
2276	1.2143001498744996e-11
2277	1.2092508743235108e-11
2278	1.2063508448619393e-11
2279	1.2013248619032418e-11
2280	1.1979380617783927e-11
2281	1.1929963092394238e-11
2282	1.1876713709221401e-11
2283	1.1833963928038531e-11
2284	1.1790292748159592e-11
2285	1.175728743920793e-11
2286	1.1704504914240822e-11
2287	1.167279842848953e-11
2288	1.161583794536258e-11
2289	1.1583863694266423e-11
2290	1.1538008162095378e-11
2291	1.1491324118002824e-11
2292	1.1444112998052753e-11
2293	1.1400575403257418e-11
2294	1.1349407653130608e-11
2295	1.1309755086800262e-11
2296	1.1264024057760182e-11
2297	1.1220614269949252e-11
2298	1.115763965913978e-11
2299	1.1113297116249371e-11
2300	1.1075110313112618e-11
2301	1.103369376485467e-11
2302	1.097489747153707e-11
2303	1.0943985304042617e-11
2304	1.0891349345078396e-11
2305	1.084727005829519e-11
2306	1.081043150602494e-11
2307	1.0765472161753171e-11
2308	1.0713328974219978e-11
2309	1.067611372056374e-11
2310	1.0626342416575127e-11
2311	1.0571266050008793e-11
2312	1.0535379079829398e-11
2313	1.0490059750015448e-11
2314	1.0444123835318041e-11
2315	1.0394033707154136e-11
2316	1.0357478440906343e-11
2317	1.0308049691962903e-11
2318	1.0268038300677707e-11
2319	1.0240681179459078e-11
2320	1.0188661670384384e-11
2321	1.01560428881482e-11
2322	1.0100220509902009e-11
2323	1.0063204495057126e-11
2324	1.0020584608464964e-11
2325	9.975553656410869e-12
2326	9.931874597888618e-12
2327	9.900849356911277e-12
2328	9.863998503809244e-12
2329	9.816272917807958e-12
2330	9.786061190794942e-12
2331	9.749985719077042e-12
2332	9.702442205997448e-12
2333	9.664413019817705e-12
2334	9.617901787399907e-12
2335	9.598690833984093e-12
2336	9.545457870158694e-12
2337	9.512178459504333e-12
2338	9.486521224349815e-12
2339	9.442515180468787e-12
2340	9.417105027895082e-12
2341	9.374217928354032e-12
2342	9.336204044517135e-12
2343	9.312973687327046e-12
2344	9.270567571588613e-12
2345	9.234819269488579e-12
2346	9.198203268272161e-12
2347	9.16593097749164e-12
2348	9.146225729525337e-12
2349	9.102591320742275e-12
2350	9.070335028750262e-12
2351	9.056162891318756e-12
2352	9.014310378062097e-12
2353	8.983281643474876e-12
2354	8.960341811940413e-12
2355	8.936145962284169e-12
2356	8.900520421711709e-12
2357	8.873562093881845e-12
2358	8.854725793258053e-12
2359	8.823843048811487e-12
2360	8.786869399164968e-12
2361	8.769387003272938e-12
2362	8.748656996307521e-12
2363	8.72645459192319e-12
2364	8.691819416424065e-12
2365	8.678585720153972e-12
2366	8.648989838933565e-12
2367	8.632619495564897e-12
2368	8.609932104330947e-12
2369	8.592887573484318e-12
2370	8.562206899831695e-12
2371	8.550822446003014e-12
2372	8.522051317133449e-12
2373	8.504042968589717e-12
2374	8.48361272287549e-12
2375	8.466441325619145e-12
2376	8.443236721552444e-12
2377	8.442317246888231e-12
2378	8.410291249765042e-12
2379	8.402785269162455e-12
2380	8.384772191693051e-12
2381	8.364929748963505e-12
2382	8.360545068372926e-12
2383	8.334120281528671e-12
2384	8.32279707919015e-12
2385	8.314614714770368e-12
2386	8.304465387468318e-12
2387	8.293898050424803e-12
2388	8.27276836796632e-12
2389	8.259898220463322e-12
2390	8.24866436968954e-12
2391	8.234260918847418e-12
2392	8.224232809834967e-12
2393	8.2280575072697e-12
2394	8.21418226904303e-12
2395	8.20045181953774e-12
2396	8.189127252373163e-12
2397	8.189926060774338e-12
2398	8.181577297373975e-12
2399	8.165899034322214e-12
2400	8.17260140498884e-12
2401	8.164253523614159e-12
2402	8.155428794777584e-12
2403	8.153383282298169e-12
2404	8.148809097306847e-12
2405	8.139286456733834e-12
2406	8.129166203653046e-12
2407	8.12529030893385e-12
2408	8.12724628454522e-12
2409	8.12698927995672e-12
2410	8.115417317049979e-12
2411	8.105944728743992e-12
2412	8.103987059265811e-12
2413	8.1132760027757e-12
2414	8.111543148136665e-12
2415	8.10603321981639e-12
2416	8.097195339381393e-12
2417	8.094365204130534e-12
2418	8.104327089609938e-12
2419	8.0960299930577e-12
2420	8.094134929250055e-12
2421	8.10032233754972e-12
2422	8.094689840708249e-12
2423	8.094087549622952e-12
2424	8.105370371696601e-12
2425	8.099390724315235e-12
2426	8.106317578892529e-12
2427	8.103401242978403e-12
2428	8.10549482021809e-12
2429	8.1096399177032e-12
2430	8.102644040616206e-12
2431	8.103070366318734e-12
2432	8.110962241810954e-12
2433	8.111872139736178e-12
2434	8.111438802665546e-12
2435	8.110906521456814e-12
2436	8.114719408729414e-12
2437	8.122876222145222e-12
2438	8.118310347511256e-12
2439	8.122251051298143e-12
2440	8.122075312646014e-12
2441	8.130706133992868e-12
2442	8.123101936211976e-12
2443	8.129678319115403e-12
2444	8.127092767676744e-12
2445	8.1388586719079e-12
2446	8.132080474899903e-12
2447	8.141225313697649e-12
2448	8.132466304546626e-12
2449	8.144587166085465e-12
2450	8.149942572394152e-12
2451	8.145715974161903e-12
2452	8.143527394540468e-12
2453	8.145388288415868e-12
2454	8.146296823239346e-12
2455	8.150656473912111e-12
2456	8.15908501451238e-12
2457	8.164620249861952e-12
2458	8.165237628938933e-12
2459	8.157217256954565e-12
2460	8.167151442136406e-12
2461	8.156803673497707e-12
2462	8.171583372420077e-12
2463	8.163184320981616e-12
2464	8.170741722530622e-12
2465	8.170923069259895e-12
2466	8.1656414981951e-12
2467	8.172074214020829e-12
2468	8.15938010734447e-12
2469	8.161535000641008e-12
2470	8.157328352544963e-12
2471	8.167401762070249e-12
2472	8.169679085315408e-12
2473	8.168488916919194e-12
2474	8.162080883805508e-12
2475	8.158318886477577e-12
2476	8.160980261494616e-12
2477	8.152036541883386e-12
2478	8.14872462273201e-12
2479	8.151711592634155e-12
2480	8.151567003448163e-12
2481	8.139943024199834e-12
2482	8.136175139722923e-12
2483	8.131848512368836e-12
2484	8.123749096436187e-12
2485	8.116409239198162e-12
2486	8.112717709968077e-12
2487	8.113327670611147e-12
2488	8.108669056553866e-12
2489	8.106951587205574e-12
2490	8.10327754075464e-12
2491	8.097280071407163e-12
2492	8.07857283767974e-12
2493	8.074654751748272e-12
2494	8.068931265561445e-12
2495	8.064789172113311e-12
2496	8.065241834599502e-12
2497	8.056536849569897e-12
2498	8.047647560883611e-12
2499	8.036541571551722e-12
2500	8.021938360673975e-12
